0 9100 900 0
0.0600601 8608.11 1386.49 5.40541
0.12012 7891.29 2094.98 13.7327
0.18018 6898.37 3075.31 26.3151
0.24024 5624.22 4331 44.7854
0.3003 4161.25 5767.95 70.7974
0.36036 2719.69 7174.87 105.44
0.42042 1547.71 8303.75 148.532
0.48048 775.833 9025.76 198.404
0.540541 355.263 9392.12 252.613
0.600601 154.862 9536.12 309.022
0.660661 66.1665 9567.54 366.296
0.720721 28.1454 9548.1 423.759
0.780781 12.0052 9506.89 481.105
0.840841 5.15041 9456.65 538.203
0.900901 2.22515 9402.77 595
0.960961 0.968538 9347.56 651.473
1.02102 0.424786 9291.96 707.615
1.08108 0.187723 9236.39 763.422
1.14114 0.083586 9181.02 818.896
1.2012 0.0374956 9125.93 874.037
1.26126 0.0169441 9071.14 928.848
1.32132 0.00771276 9016.66 983.329
1.38138 0.00353598 8962.51 1037.48
1.44144 0.0016326 8908.69 1091.31
1.5015 0.000759067 8855.18 1144.82
1.56156 0.000355363 8802 1198
1.62162 0.000167501 8749.13 1250.87
1.68168 7.94836e-005 8696.59 1303.41
1.74174 3.79679e-005 8644.35 1355.65
1.8018 1.82557e-005 8592.44 1407.56
1.86186 8.83463e-006 8540.83 1459.17
1.92192 4.3028e-006 8489.53 1510.47
1.98198 2.10888e-006 8438.55 1561.45
2.04204 1.04006e-006 8387.86 1612.14
2.1021 5.16102e-007 8337.49 1662.51
2.16216 2.57664e-007 8287.41 1712.59
2.22222 1.29414e-007 8237.64 1762.36
2.28228 6.53859e-008 8188.16 1811.84
2.34234 3.32303e-008 8138.98 1861.02
2.4024 1.69864e-008 8090.1 1909.9
2.46246 8.73285e-009 8041.51 1958.49
2.52252 4.51511e-009 7993.21 2006.79
2.58258 2.34753e-009 7945.21 2054.79
2.64264 1.22731e-009 7897.49 2102.51
2.7027 6.4517e-010 7850.06 2149.94
2.76276 3.40988e-010 7802.91 2197.09
2.82282 1.81187e-010 7756.04 2243.96
2.88288 9.67847e-011 7709.46 2290.54
2.94294 5.19704e-011 7663.16 2336.84
3.003 2.8051e-011 7617.13 2382.87
3.06306 1.52181e-011 7571.38 2428.62
3.12312 8.29786e-012 7525.91 2474.09
3.18318 4.54717e-012 7480.71 2519.29
3.24324 2.50416e-012 7435.78 2564.22
3.3033 1.38582e-012 7391.12 2608.88
3.36336 7.70639e-013 7346.73 2653.27
3.42342 4.30599e-013 7302.61 2697.39
3.48348 2.4174e-013 7258.75 2741.25
3.54354 1.36351e-013 7215.15 2784.85
3.6036 7.72643e-014 7171.82 2828.18
3.66366 4.39835e-014 7128.74 2871.26
3.72372 2.51519e-014 7085.93 2914.07
3.78378 1.44477e-014 7043.37 2956.63
3.84384 8.33596e-015 7001.07 2998.93
3.9039 4.83082e-015 6959.02 3040.98
3.96396 2.81173e-015 6917.22 3082.78
4.02402 1.6436e-015 6875.68 3124.32
4.08408 9.64871e-016 6834.38 3165.62
4.14414 5.68817e-016 6793.33 3206.67
4.2042 3.36735e-016 6752.53 3247.47
4.26426 2.0017e-016 6711.98 3288.02
4.32432 1.19477e-016 6671.67 3328.33
4.38438 7.16025e-017 6631.6 3368.4
4.44444 4.30836e-017 6591.77 3408.23
4.5045 2.60267e-017 6552.18 3447.82
4.56456 1.57846e-017 6512.82 3487.18
4.62462 9.61028e-018 6473.71 3526.29
4.68468 5.8737e-018 6434.83 3565.17
4.74474 3.60365e-018 6396.18 3603.82
4.8048 2.21929e-018 6357.76 3642.24
4.86486 1.37186e-018 6319.58 3680.42
4.92492 8.51166e-019 6281.62 3718.38
4.98498 5.30042e-019 6243.9 3756.1
5.04505 3.31272e-019 6206.39 3793.61
5.10511 2.07788e-019 6169.12 3830.88
5.16517 1.30799e-019 6132.07 3867.93
5.22523 8.26267e-020 6095.24 3904.76
5.28529 5.23787e-020 6058.63 3941.37
5.34535 3.33191e-020 6022.24 3977.76
5.40541 2.12677e-020 5986.07 4013.93
5.46547 1.36214e-020 5950.12 4049.88
5.52553 8.75362e-021 5914.38 4085.62
5.58559 5.64418e-021 5878.86 4121.14
5.64565 3.6513e-021 5843.55 4156.45
5.70571 2.36983e-021 5808.46 4191.54
5.76577 1.5431e-021 5773.57 4226.43
5.82583 1.00801e-021 5738.89 4261.11
5.88589 6.60572e-022 5704.43 4295.57
5.94595 4.34255e-022 5670.17 4329.83
6.00601 2.86369e-022 5636.11 4363.89
6.06607 1.89432e-022 5602.26 4397.74
6.12613 1.25693e-022 5568.61 4431.39
6.18619 8.36549e-023 5535.17 4464.83
6.24625 5.58445e-023 5501.92 4498.08
6.30631 3.73909e-023 5468.88 4531.12
6.36637 2.51094e-023 5436.03 4563.97
6.42643 1.69115e-023 5403.38 4596.62
6.48649 1.14232e-023 5370.93 4629.07
6.54655 7.73835e-024 5338.67 4661.33
6.60661 5.25712e-024 5306.61 4693.39
6.66667 3.5816e-024 5274.74 4725.26
6.72673 2.44694e-024 5243.06 4756.94
6.78679 1.6764e-024 5211.57 4788.43
6.84685 1.15168e-024 5180.27 4819.73
6.90691 7.93359e-025 5149.15 4850.85
6.96697 5.48006e-025 5118.23 4881.77
7.02703 3.79549e-025 5087.49 4912.51
7.08709 2.63576e-025 5056.93 4943.07
7.14715 1.83523e-025 5026.56 4973.44
7.20721 1.28118e-025 4996.37 5003.63
7.26727 8.9672e-026 4966.36 5033.64
7.32733 6.29246e-026 4936.54 5063.46
7.38739 4.42682e-026 4906.89 5093.11
7.44745 3.1222e-026 4877.42 5122.58
7.50751 2.20759e-026 4848.12 5151.88
7.56757 1.56479e-026 4819 5181
7.62763 1.11189e-026 4790.06 5209.94
7.68769 7.92009e-027 4761.29 5238.71
7.74775 5.65524e-027 4732.7 5267.3
7.80781 4.04776e-027 4704.27 5295.73
7.86787 2.90411e-027 4676.02 5323.98
7.92793 2.08851e-027 4647.93 5352.07
7.98799 1.50549e-027 4620.02 5379.98
8.04805 1.08775e-027 4592.27 5407.73
8.10811 7.87737e-028 4564.69 5435.31
8.16817 5.71775e-028 4537.27 5462.73
8.22823 4.15961e-028 4510.02 5489.98
8.28829 3.03289e-028 4482.93 5517.07
8.34835 2.2163e-028 4456.01 5543.99
8.40841 1.62315e-028 4429.25 5570.75
8.46847 1.19136e-028 4402.65 5597.35
8.52853 8.76337e-029 4376.2 5623.8
8.58859 6.46005e-029 4349.92 5650.08
8.64865 4.77232e-029 4323.79 5676.21
8.70871 3.53301e-029 4297.83 5702.17
8.76877 2.62104e-029 4272.01 5727.99
8.82883 1.94854e-029 4246.35 5753.65
8.88889 1.45159e-029 4220.85 5779.15
8.94895 1.08361e-029 4195.5 5804.5
9.00901 8.10558e-030 4170.3 5829.7
9.06907 6.07539e-030 4145.26 5854.74
9.12913 4.56283e-030 4120.36 5879.64
9.18919 3.43367e-030 4095.61 5904.39
9.24925 2.58905e-030 4071.01 5928.99
9.30931 1.95601e-030 4046.56 5953.44
9.36937 1.48063e-030 4022.26 5977.74
9.42943 1.12294e-030 3998.1 6001.9
9.48949 8.53295e-031 3974.09 6025.91
9.54955 6.49627e-031 3950.22 6049.78
9.60961 4.95503e-031 3926.5 6073.5
9.66967 3.78651e-031 3902.91 6097.09
9.72973 2.89891e-031 3879.47 6120.53
9.78979 2.22346e-031 3856.17 6143.83
9.84985 1.7085e-031 3833.01 6166.99
9.90991 1.31519e-031 3809.99 6190.01
9.96997 1.01424e-031 3787.11 6212.89
10.03 7.83544e-032 3764.36 6235.64
10.0901 6.06394e-032 3741.75 6258.25
10.1502 4.70119e-032 3719.28 6280.72
10.2102 3.65104e-032 3696.94 6303.06
10.2703 2.84037e-032 3674.74 6325.26
10.3303 2.21348e-032 3652.67 6347.33
10.3904 1.72789e-032 3630.73 6369.27
10.4505 1.3511e-032 3608.92 6391.08
10.5105 1.05825e-032 3587.25 6412.75
10.5706 8.30249e-033 3565.7 6434.3
10.6306 6.52446e-033 3544.29 6455.71
10.6907 5.1356e-033 3523 6477
10.7508 4.04895e-033 3501.84 6498.16
10.8108 3.19737e-033 3480.81 6519.19
10.8709 2.52893e-033 3459.9 6540.1
10.9309 2.00342e-033 3439.12 6560.88
10.991 1.5896e-033 3418.47 6581.53
11.0511 1.26324e-033 3397.94 6602.06
11.1111 1.00543e-033 3377.53 6622.47
11.1712 8.01477e-034 3357.24 6642.76
11.2312 6.3987e-034 3337.08 6662.92
11.2913 5.11624e-034 3317.04 6682.96
11.3514 4.09698e-034 3297.12 6702.88
11.4114 3.28567e-034 3277.31 6722.69
11.4715 2.63894e-034 3257.63 6742.37
11.5315 2.12262e-034 3238.06 6761.94
11.5916 1.70982e-034 3218.62 6781.38
11.6517 1.37929e-034 3199.29 6800.71
11.7117 1.11426e-034 3180.07 6819.93
11.7718 9.01442e-035 3160.97 6839.03
11.8318 7.30305e-035 3141.99 6858.01
11.8919 5.92491e-035 3123.12 6876.88
11.952 4.81355e-035 3104.36 6895.64
12.012 3.91607e-035 3085.71 6914.29
12.0721 3.19031e-035 3067.18 6932.82
12.1321 2.60261e-035 3048.76 6951.24
12.1922 2.12605e-035 3030.45 6969.55
12.2523 1.73909e-035 3012.25 6987.75
12.3123 1.42446e-035 2994.16 7005.84
12.3724 1.1683e-035 2976.17 7023.83
12.4324 9.59468e-036 2958.3 7041.7
12.4925 7.88994e-036 2940.53 7059.47
12.5526 6.49651e-036 2922.87 7077.13
12.6126 5.35606e-036 2905.31 7094.69
12.6727 4.42147e-036 2887.87 7112.13
12.7327 3.65458e-036 2870.52 7129.48
12.7928 3.02452e-036 2853.28 7146.72
12.8529 2.50621e-036 2836.14 7163.86
12.9129 2.07931e-036 2819.11 7180.89
12.973 1.72725e-036 2802.18 7197.82
13.033 1.43655e-036 2785.35 7214.65
13.0931 1.19624e-036 2768.62 7231.38
13.1532 9.97321e-037 2751.99 7248.01
13.2132 8.32479e-037 2735.46 7264.54
13.2733 6.95709e-037 2719.03 7280.97
13.3333 5.82096e-037 2702.7 7297.3
13.3934 4.87608e-037 2686.47 7313.53
13.4535 4.08933e-037 2670.34 7329.66
13.5135 3.43348e-037 2654.3 7345.7
13.5736 2.88612e-037 2638.36 7361.64
13.6336 2.42879e-037 2622.51 7377.49
13.6937 2.04623e-037 2606.76 7393.24
13.7538 1.72587e-037 2591.1 7408.9
13.8138 1.45729e-037 2575.54 7424.46
13.8739 1.23186e-037 2560.07 7439.93
13.9339 1.04246e-037 2544.7 7455.3
13.994 8.83132e-038 2529.41 7470.59
14.0541 7.4897e-038 2514.22 7485.78
14.1141 6.35872e-038 2499.12 7500.88
14.1742 5.40429e-038 2484.11 7515.89
14.2342 4.598e-038 2469.19 7530.81
14.2943 3.91611e-038 2454.36 7545.64
14.3544 3.33884e-038 2439.62 7560.38
14.4144 2.84962e-038 2424.97 7575.03
14.4745 2.43459e-038 2410.4 7589.6
14.5345 2.08214e-038 2395.93 7604.07
14.5946 1.78252e-038 2381.54 7618.46
14.6547 1.52756e-038 2367.23 7632.77
14.7147 1.31038e-038 2353.02 7646.98
14.7748 1.12519e-038 2338.88 7661.12
14.8348 9.67131e-039 2324.84 7675.16
14.8949 8.32091e-039 2310.87 7689.13
14.955 7.16604e-039 2296.99 7703.01
15.015 6.17743e-039 2283.2 7716.8
15.0751 5.33032e-039 2269.49 7730.51
15.1351 4.60377e-039 2255.85 7744.15
15.1952 3.98002e-039 2242.31 7757.69
15.2553 3.44402e-039 2228.84 7771.16
15.3153 2.98299e-039 2215.45 7784.55
15.3754 2.58607e-039 2202.15 7797.85
15.4354 2.24404e-039 2188.92 7811.08
15.4955 1.94902e-039 2175.77 7824.23
15.5556 1.69433e-039 2162.71 7837.29
15.6156 1.47425e-039 2149.72 7850.28
15.6757 1.2839e-039 2136.81 7863.19
15.7357 1.11913e-039 2123.97 7876.03
15.7958 9.76369e-040 2111.21 7888.79
15.8559 8.52566e-040 2098.53 7901.47
15.9159 7.4511e-040 2085.93 7914.07
15.976 6.51762e-040 2073.4 7926.6
16.036 5.70599e-040 2060.95 7939.05
16.0961 4.9997e-040 2048.57 7951.43
16.1562 4.38455e-040 2036.27 7963.73
16.2162 3.84832e-040 2024.04 7975.96
16.2763 3.38051e-040 2011.88 7988.12
16.3363 2.97203e-040 1999.8 8000.2
16.3964 2.61506e-040 1987.79 8012.21
16.4565 2.30286e-040 1975.85 8024.15
16.5165 2.02958e-040 1963.98 8036.02
16.5766 1.79018e-040 1952.19 8047.81
16.6366 1.58028e-040 1940.46 8059.54
16.6967 1.39611e-040 1928.81 8071.19
16.7568 1.23438e-040 1917.22 8082.78
16.8168 1.09224e-040 1905.71 8094.29
16.8769 9.67226e-041 1894.26 8105.74
16.9369 8.57186e-041 1882.89 8117.11
16.997 7.6025e-041 1871.58 8128.42
17.0571 6.74792e-041 1860.34 8139.66
17.1171 5.99396e-041 1849.16 8150.84
17.1772 5.32827e-041 1838.06 8161.94
17.2372 4.74006e-041 1827.02 8172.98
17.2973 4.21993e-041 1816.04 8183.96
17.3574 3.75966e-041 1805.14 8194.86
17.4174 3.35205e-041 1794.3 8205.7
17.4775 2.99081e-041 1783.52 8216.48
17.5375 2.67044e-041 1772.81 8227.19
17.5976 2.38611e-041 1762.16 8237.84
17.6577 2.13357e-041 1751.58 8248.42
17.7177 1.90912e-041 1741.06 8258.94
17.7778 1.70949e-041 1730.6 8269.4
17.8378 1.5318e-041 1720.21 8279.79
17.8979 1.37354e-041 1709.87 8290.13
17.958 1.23249e-041 1699.6 8300.4
18.018 1.10668e-041 1689.4 8310.6
18.0781 9.94388e-042 1679.25 8320.75
18.1381 8.94099e-042 1669.16 8330.84
18.1982 8.04465e-042 1659.14 8340.86
18.2583 7.24302e-042 1649.17 8350.83
18.3183 6.5256e-042 1639.27 8360.73
18.3784 5.88312e-042 1629.42 8370.58
18.4384 5.30738e-042 1619.64 8380.36
18.4985 4.7911e-042 1609.91 8390.09
18.5586 4.32785e-042 1600.24 8399.76
18.6186 3.91189e-042 1590.63 8409.37
18.6787 3.53818e-042 1581.08 8418.92
18.7387 3.20219e-042 1571.58 8428.42
18.7988 2.89994e-042 1562.14 8437.86
18.8589 2.62786e-042 1552.76 8447.24
18.9189 2.38279e-042 1543.43 8456.57
18.979 2.16191e-042 1534.16 8465.84
19.039 1.96271e-042 1524.95 8475.05
19.0991 1.78294e-042 1515.79 8484.21
19.1592 1.62063e-042 1506.69 8493.31
19.2192 1.47397e-042 1497.64 8502.36
19.2793 1.34139e-042 1488.64 8511.36
19.3393 1.22146e-042 1479.7 8520.3
19.3994 1.11291e-042 1470.82 8529.18
19.4595 1.0146e-042 1461.98 8538.02
19.5195 9.2551e-043 1453.2 8546.8
19.5796 8.44732e-043 1444.47 8555.53
19.6396 7.71447e-043 1435.8 8564.2
19.6997 7.04922e-043 1427.17 8572.83
19.7598 6.44499e-043 1418.6 8581.4
19.8198 5.89587e-043 1410.08 8589.92
19.8799 5.39655e-043 1401.61 8598.39
19.9399 4.94226e-043 1393.2 8606.8
20 4.52872e-043 1384.83 8615.17
20.0601 4.15205e-043 1376.51 8623.49
20.1201 3.80879e-043 1368.24 8631.76
20.1802 3.49579e-043 1360.03 8639.97
20.2402 3.21025e-043 1351.86 8648.14
20.3003 2.9496e-043 1343.74 8656.26
20.3604 2.71155e-043 1335.67 8664.33
20.4204 2.49403e-043 1327.65 8672.35
20.4805 2.29516e-043 1319.67 8680.33
20.5405 2.11325e-043 1311.75 8688.25
20.6006 1.94676e-043 1303.87 8696.13
20.6607 1.79431e-043 1296.04 8703.96
20.7207 1.65464e-043 1288.25 8711.75
20.7808 1.52661e-043 1280.51 8719.49
20.8408 1.4092e-043 1272.82 8727.18
20.9009 1.30148e-043 1265.18 8734.82
20.961 1.20258e-043 1257.58 8742.42
21.021 1.11175e-043 1250.03 8749.97
21.0811 1.02828e-043 1242.52 8757.48
21.1411 9.51547e-044 1235.06 8764.94
21.2012 8.80964e-044 1227.64 8772.36
21.2613 8.16009e-044 1220.27 8779.73
21.3213 7.56204e-044 1212.94 8787.06
21.3814 7.01115e-044 1205.65 8794.35
21.4414 6.50346e-044 1198.41 8801.59
21.5015 6.03537e-044 1191.21 8808.79
21.5616 5.60357e-044 1184.06 8815.94
21.6216 5.20507e-044 1176.95 8823.05
21.6817 4.83714e-044 1169.88 8830.12
21.7417 4.49727e-044 1162.85 8837.15
21.8018 4.18317e-044 1155.87 8844.13
21.8619 3.89277e-044 1148.93 8851.07
21.9219 3.62415e-044 1142.03 8857.97
21.982 3.37557e-044 1135.17 8864.83
22.042 3.14543e-044 1128.35 8871.65
22.1021 2.93227e-044 1121.57 8878.43
22.1622 2.73475e-044 1114.84 8885.16
22.2222 2.55164e-044 1108.14 8891.86
22.2823 2.38181e-044 1101.48 8898.52
22.3423 2.22424e-044 1094.87 8905.13
22.4024 2.07798e-044 1088.29 8911.71
22.4625 1.94216e-044 1081.76 8918.24
22.5225 1.81597e-044 1075.26 8924.74
22.5826 1.6987e-044 1068.8 8931.2
22.6426 1.58966e-044 1062.38 8937.62
22.7027 1.48822e-044 1056 8944
22.7628 1.39384e-044 1049.66 8950.34
22.8228 1.30596e-044 1043.36 8956.64
22.8829 1.22413e-044 1037.09 8962.91
22.9429 1.14788e-044 1030.86 8969.14
23.003 1.07681e-044 1024.67 8975.33
23.0631 1.01054e-044 1018.52 8981.48
23.1231 9.48725e-045 1012.4 8987.6
23.1832 8.91038e-045 1006.32 8993.68
23.2432 8.37184e-045 1000.27 8999.73
23.3033 7.86889e-045 994.266 9005.73
23.3634 7.39899e-045 988.294 9011.71
23.4234 6.95981e-045 982.358 9017.64
23.4835 6.54918e-045 976.458 9023.54
23.5435 6.1651e-045 970.594 9029.41
23.6036 5.80571e-045 964.764 9035.24
23.6637 5.4693e-045 958.97 9041.03
23.7237 5.15429e-045 953.21 9046.79
23.7838 4.85921e-045 947.485 9052.51
23.8438 4.58269e-045 941.795 9058.21
23.9039 4.32348e-045 936.138 9063.86
23.964 4.08039e-045 930.516 9069.48
24.024 3.85235e-045 924.927 9075.07
24.0841 3.63835e-045 919.372 9080.63
24.1441 3.43745e-045 913.85 9086.15
24.2042 3.24878e-045 908.362 9091.64
24.2643 3.07154e-045 902.906 9097.09
24.3243 2.90497e-045 897.483 9102.52
24.3844 2.74839e-045 892.093 9107.91
24.4444 2.60113e-045 886.735 9113.26
24.5045 2.4626e-045 881.409 9118.59
24.5646 2.33224e-045 876.116 9123.88
24.6246 2.20952e-045 870.854 9129.15
24.6847 2.09395e-045 865.623 9134.38
24.7447 1.98509e-045 860.424 9139.58
24.8048 1.8825e-045 855.257 9144.74
24.8649 1.78581e-045 850.12 9149.88
24.9249 1.69463e-045 845.014 9154.99
24.985 1.60862e-045 839.939 9160.06
25.045 1.52747e-045 834.894 9165.11
25.1051 1.45088e-045 829.88 9170.12
25.1652 1.37856e-045 824.896 9175.1
25.2252 1.31026e-045 819.941 9180.06
25.2853 1.24574e-045 815.017 9184.98
25.3453 1.18476e-045 810.122 9189.88
25.4054 1.12711e-045 805.256 9194.74
25.4655 1.0726e-045 800.42 9199.58
25.5255 1.02104e-045 795.613 9204.39
25.5856 9.72249e-046 790.834 9209.17
25.6456 9.2607e-046 786.084 9213.92
25.7057 8.82348e-046 781.363 9218.64
25.7658 8.4094e-046 776.67 9223.33
25.8258 8.01713e-046 772.006 9227.99
25.8859 7.6454e-046 767.369 9232.63
25.9459 7.29304e-046 762.76 9237.24
26.006 6.95894e-046 758.179 9241.82
26.0661 6.64205e-046 753.625 9246.37
26.1261 6.34141e-046 749.099 9250.9
26.1862 6.05611e-046 744.6 9255.4
26.2462 5.78528e-046 740.128 9259.87
26.3063 5.52811e-046 735.683 9264.32
26.3664 5.28385e-046 731.264 9268.74
26.4264 5.05178e-046 726.872 9273.13
26.4865 4.83124e-046 722.507 9277.49
26.5465 4.6216e-046 718.167 9281.83
26.6066 4.42225e-046 713.854 9286.15
26.6667 4.23265e-046 709.566 9290.43
26.7267 4.05227e-046 705.305 9294.7
26.7868 3.88061e-046 701.069 9298.93
26.8468 3.71722e-046 696.858 9303.14
26.9069 3.56164e-046 692.673 9307.33
26.967 3.41347e-046 688.513 9311.49
27.027 3.27231e-046 684.377 9315.62
27.0871 3.13781e-046 680.267 9319.73
27.1471 3.00961e-046 676.181 9323.82
27.2072 2.88738e-046 672.12 9327.88
27.2673 2.77083e-046 668.083 9331.92
27.3273 2.65965e-046 664.071 9335.93
27.3874 2.55357e-046 660.082 9339.92
27.4474 2.45233e-046 656.118 9343.88
27.5075 2.3557e-046 652.177 9347.82
27.5676 2.26342e-046 648.26 9351.74
27.6276 2.1753e-046 644.367 9355.63
27.6877 2.09111e-046 640.497 9359.5
27.7477 2.01067e-046 636.65 9363.35
27.8078 1.93379e-046 632.826 9367.17
27.8679 1.86029e-046 629.026 9370.97
27.9279 1.79001e-046 625.248 9374.75
27.988 1.72279e-046 621.492 9378.51
28.048 1.65848e-046 617.76 9382.24
28.1081 1.59695e-046 614.049 9385.95
28.1682 1.53805e-046 610.361 9389.64
28.2282 1.48167e-046 606.696 9393.3
28.2883 1.42768e-046 603.052 9396.95
28.3483 1.37597e-046 599.43 9400.57
28.4084 1.32644e-046 595.83 9404.17
28.4685 1.27897e-046 592.251 9407.75
28.5285 1.23347e-046 588.694 9411.31
28.5886 1.18986e-046 585.158 9414.84
28.6486 1.14804e-046 581.644 9418.36
28.7087 1.10794e-046 578.151 9421.85
28.7688 1.06947e-046 574.678 9425.32
28.8288 1.03255e-046 571.227 9428.77
28.8889 9.9713e-047 567.796 9432.2
28.9489 9.63126e-047 564.386 9435.61
29.009 9.30479e-047 560.996 9439
29.0691 8.99128e-047 557.627 9442.37
29.1291 8.69015e-047 554.277 9445.72
29.1892 8.40086e-047 550.948 9449.05
29.2492 8.12287e-047 547.639 9452.36
29.3093 7.8557e-047 544.35 9455.65
29.3694 7.59887e-047 541.081 9458.92
29.4294 7.35193e-047 537.831 9462.17
29.4895 7.11444e-047 534.601 9465.4
29.5495 6.88601e-047 531.39 9468.61
29.6096 6.66624e-047 528.199 9471.8
29.6697 6.45476e-047 525.026 9474.97
29.7297 6.25123e-047 521.873 9478.13
29.7898 6.05529e-047 518.739 9481.26
29.8498 5.86663e-047 515.623 9484.38
29.9099 5.68495e-047 512.526 9487.47
29.97 5.50996e-047 509.448 9490.55
30.03 5.34137e-047 506.388 9493.61
30.0901 5.17892e-047 503.347 9496.65
30.1502 5.02235e-047 500.324 9499.68
30.2102 4.87143e-047 497.319 9502.68
30.2703 4.72593e-047 494.332 9505.67
30.3303 4.58562e-047 491.363 9508.64
30.3904 4.45029e-047 488.412 9511.59
30.4505 4.31974e-047 485.478 9514.52
30.5105 4.19379e-047 482.563 9517.44
30.5706 4.07224e-047 479.664 9520.34
30.6306 3.95493e-047 476.784 9523.22
30.6907 3.84167e-047 473.92 9526.08
30.7508 3.73233e-047 471.074 9528.93
30.8108 3.62673e-047 468.244 9531.76
30.8709 3.52474e-047 465.432 9534.57
30.9309 3.42621e-047 462.637 9537.36
30.991 3.331e-047 459.858 9540.14
31.0511 3.23901e-047 457.096 9542.9
31.1111 3.15008e-047 454.351 9545.65
31.1712 3.06412e-047 451.622 9548.38
31.2312 2.98101e-047 448.91 9551.09
31.2913 2.90064e-047 446.213 9553.79
31.3514 2.8229e-047 443.533 9556.47
31.4114 2.7477e-047 440.87 9559.13
31.4715 2.67495e-047 438.222 9561.78
31.5315 2.60455e-047 435.59 9564.41
31.5916 2.53641e-047 432.974 9567.03
31.6517 2.47045e-047 430.373 9569.63
31.7117 2.40659e-047 427.788 9572.21
31.7718 2.34476e-047 425.219 9574.78
31.8318 2.28488e-047 422.665 9577.33
31.8919 2.22687e-047 420.127 9579.87
31.952 2.17068e-047 417.603 9582.4
32.012 2.11624e-047 415.095 9584.9
32.0721 2.06348e-047 412.602 9587.4
32.1321 2.01235e-047 410.124 9589.88
32.1922 1.96278e-047 407.661 9592.34
32.2523 1.91472e-047 405.212 9594.79
32.3123 1.86812e-047 402.779 9597.22
32.3724 1.82293e-047 400.36 9599.64
32.4324 1.7791e-047 397.955 9602.04
32.4925 1.73658e-047 395.565 9604.44
32.5526 1.69532e-047 393.189 9606.81
32.6126 1.65528e-047 390.828 9609.17
32.6727 1.61643e-047 388.48 9611.52
32.7327 1.57871e-047 386.147 9613.85
32.7928 1.5421e-047 383.828 9616.17
32.8529 1.50655e-047 381.523 9618.48
32.9129 1.47203e-047 379.231 9620.77
32.973 1.4385e-047 376.954 9623.05
33.033 1.40593e-047 374.69 9625.31
33.0931 1.37429e-047 372.439 9627.56
33.1532 1.34355e-047 370.202 9629.8
33.2132 1.31368e-047 367.979 9632.02
33.2733 1.28465e-047 365.769 9634.23
33.3333 1.25643e-047 363.572 9636.43
33.3934 1.22899e-047 361.388 9638.61
33.4535 1.20232e-047 359.218 9640.78
33.5135 1.17638e-047 357.06 9642.94
33.5736 1.15115e-047 354.916 9645.08
33.6336 1.12661e-047 352.784 9647.22
33.6937 1.10274e-047 350.665 9649.33
33.7538 1.07951e-047 348.559 9651.44
33.8138 1.05692e-047 346.466 9653.53
33.8739 1.03492e-047 344.385 9655.61
33.9339 1.01352e-047 342.317 9657.68
33.994 9.92678e-048 340.261 9659.74
34.0541 9.72392e-048 338.217 9661.78
34.1141 9.52639e-048 336.186 9663.81
34.1742 9.33404e-048 334.167 9665.83
34.2342 9.14671e-048 332.16 9667.84
34.2943 8.96424e-048 330.165 9669.84
34.3544 8.78648e-048 328.182 9671.82
34.4144 8.61329e-048 326.211 9673.79
34.4745 8.44454e-048 324.251 9675.75
34.5345 8.28008e-048 322.304 9677.7
34.5946 8.1198e-048 320.368 9679.63
34.6547 7.96357e-048 318.444 9681.56
34.7147 7.81126e-048 316.532 9683.47
34.7748 7.66276e-048 314.63 9685.37
34.8348 7.51796e-048 312.741 9687.26
34.8949 7.37675e-048 310.862 9689.14
34.955 7.23902e-048 308.995 9691
35.015 7.10467e-048 307.14 9692.86
35.0751 6.97362e-048 305.295 9694.71
35.1351 6.84575e-048 303.461 9696.54
35.1952 6.72098e-048 301.639 9698.36
35.2553 6.59922e-048 299.827 9700.17
35.3153 6.48038e-048 298.026 9701.97
35.3754 6.36439e-048 296.236 9703.76
35.4354 6.25115e-048 294.457 9705.54
35.4955 6.1406e-048 292.689 9707.31
35.5556 6.03265e-048 290.931 9709.07
35.6156 5.92724e-048 289.183 9710.82
35.6757 5.8243e-048 287.447 9712.55
35.7357 5.72375e-048 285.72 9714.28
35.7958 5.62552e-048 284.004 9716
35.8559 5.52957e-048 282.298 9717.7
35.9159 5.43581e-048 280.603 9719.4
35.976 5.3442e-048 278.918 9721.08
36.036 5.25468e-048 277.242 9722.76
36.0961 5.16718e-048 275.577 9724.42
36.1562 5.08166e-048 273.922 9726.08
36.2162 4.99806e-048 272.277 9727.72
36.2763 4.91632e-048 270.642 9729.36
36.3363 4.83641e-048 269.016 9730.98
36.3964 4.75827e-048 267.401 9732.6
36.4565 4.68185e-048 265.794 9734.21
36.5165 4.60711e-048 264.198 9735.8
36.5766 4.53401e-048 262.611 9737.39
36.6366 4.46249e-048 261.034 9738.97
36.6967 4.39253e-048 259.466 9740.53
36.7568 4.32408e-048 257.908 9742.09
36.8168 4.2571e-048 256.359 9743.64
36.8769 4.19155e-048 254.819 9745.18
36.9369 4.1274e-048 253.289 9746.71
36.997 4.06462e-048 251.768 9748.23
37.0571 4.00315e-048 250.255 9749.74
37.1171 3.94299e-048 248.752 9751.25
37.1772 3.88408e-048 247.258 9752.74
37.2372 3.8264e-048 245.773 9754.23
37.2973 3.76992e-048 244.297 9755.7
37.3574 3.7146e-048 242.83 9757.17
37.4174 3.66043e-048 241.372 9758.63
37.4775 3.60736e-048 239.922 9760.08
37.5375 3.55538e-048 238.481 9761.52
37.5976 3.50446e-048 237.049 9762.95
37.6577 3.45456e-048 235.625 9764.38
37.7177 3.40568e-048 234.21 9765.79
37.7778 3.35777e-048 232.803 9767.2
37.8378 3.31082e-048 231.405 9768.6
37.8979 3.26481e-048 230.015 9769.98
37.958 3.2197e-048 228.634 9771.37
38.018 3.17549e-048 227.26 9772.74
38.0781 3.13215e-048 225.895 9774.1
38.1381 3.08965e-048 224.539 9775.46
38.1982 3.04799e-048 223.19 9776.81
38.2583 3.00713e-048 221.85 9778.15
38.3183 2.96706e-048 220.517 9779.48
38.3784 2.92776e-048 219.193 9780.81
38.4384 2.88922e-048 217.876 9782.12
38.4985 2.85141e-048 216.568 9783.43
38.5586 2.81433e-048 215.267 9784.73
38.6186 2.77794e-048 213.974 9786.03
38.6787 2.74224e-048 212.689 9787.31
38.7387 2.70721e-048 211.412 9788.59
38.7988 2.67283e-048 210.142 9789.86
38.8589 2.6391e-048 208.88 9791.12
38.9189 2.60599e-048 207.625 9792.37
38.979 2.5735e-048 206.378 9793.62
39.039 2.5416e-048 205.139 9794.86
39.0991 2.51028e-048 203.907 9796.09
39.1592 2.47954e-048 202.682 9797.32
39.2192 2.44936e-048 201.465 9798.54
39.2793 2.41972e-048 200.255 9799.75
39.3393 2.39062e-048 199.052 9800.95
39.3994 2.36204e-048 197.856 9802.14
39.4595 2.33397e-048 196.668 9803.33
39.5195 2.3064e-048 195.487 9804.51
39.5796 2.27932e-048 194.313 9805.69
39.6396 2.25272e-048 193.146 9806.85
39.6997 2.22659e-048 191.986 9808.01
39.7598 2.20091e-048 190.833 9809.17
39.8198 2.17569e-048 189.687 9810.31
39.8799 2.1509e-048 188.547 9811.45
39.9399 2.12654e-048 187.415 9812.59
40 2.10261e-048 186.289 9813.71
40.0601 2.07908e-048 185.17 9814.83
40.1201 2.05596e-048 184.058 9815.94
40.1802 2.03323e-048 182.953 9817.05
40.2402 2.01089e-048 181.854 9818.15
40.3003 1.98893e-048 180.762 9819.24
40.3604 1.96733e-048 179.676 9820.32
40.4204 1.9461e-048 178.597 9821.4
40.4805 1.92523e-048 177.524 9822.48
40.5405 1.9047e-048 176.458 9823.54
40.6006 1.88452e-048 175.398 9824.6
40.6607 1.86466e-048 174.345 9825.66
40.7207 1.84514e-048 173.298 9826.7
40.7808 1.82593e-048 172.257 9827.74
40.8408 1.80704e-048 171.222 9828.78
40.9009 1.78846e-048 170.194 9829.81
40.961 1.77018e-048 169.172 9830.83
41.021 1.75219e-048 168.156 9831.84
41.0811 1.7345e-048 167.146 9832.85
41.1411 1.71708e-048 166.142 9833.86
41.2012 1.69995e-048 165.144 9834.86
41.2613 1.68309e-048 164.152 9835.85
41.3213 1.6665e-048 163.166 9836.83
41.3814 1.65016e-048 162.186 9837.81
41.4414 1.63409e-048 161.212 9838.79
41.5015 1.61827e-048 160.244 9839.76
41.5616 1.60269e-048 159.282 9840.72
41.6216 1.58736e-048 158.325 9841.68
41.6817 1.57227e-048 157.374 9842.63
41.7417 1.55741e-048 156.429 9843.57
41.8018 1.54277e-048 155.489 9844.51
41.8619 1.52837e-048 154.555 9845.44
41.9219 1.51418e-048 153.627 9846.37
41.982 1.50021e-048 152.705 9847.3
42.042 1.48645e-048 151.787 9848.21
42.1021 1.4729e-048 150.876 9849.12
42.1622 1.45955e-048 149.97 9850.03
42.2222 1.4464e-048 149.069 9850.93
42.2823 1.43346e-048 148.174 9851.83
42.3423 1.4207e-048 147.284 9852.72
42.4024 1.40813e-048 146.399 9853.6
42.4625 1.39575e-048 145.52 9854.48
42.5225 1.38355e-048 144.646 9855.35
42.5826 1.37153e-048 143.777 9856.22
42.6426 1.35969e-048 142.914 9857.09
42.7027 1.34802e-048 142.055 9857.94
42.7628 1.33652e-048 141.202 9858.8
42.8228 1.32518e-048 140.354 9859.65
42.8829 1.31401e-048 139.511 9860.49
42.9429 1.303e-048 138.673 9861.33
43.003 1.29215e-048 137.84 9862.16
43.0631 1.28145e-048 137.012 9862.99
43.1231 1.27091e-048 136.189 9863.81
43.1832 1.26051e-048 135.371 9864.63
43.2432 1.25026e-048 134.558 9865.44
43.3033 1.24016e-048 133.75 9866.25
43.3634 1.2302e-048 132.947 9867.05
43.4234 1.22037e-048 132.148 9867.85
43.4835 1.21069e-048 131.355 9868.65
43.5435 1.20114e-048 130.566 9869.43
43.6036 1.19172e-048 129.782 9870.22
43.6637 1.18243e-048 129.002 9871
43.7237 1.17327e-048 128.227 9871.77
43.7838 1.16423e-048 127.457 9872.54
43.8438 1.15532e-048 126.692 9873.31
43.9039 1.14653e-048 125.931 9874.07
43.964 1.13786e-048 125.175 9874.83
44.024 1.1293e-048 124.423 9875.58
44.0841 1.12086e-048 123.675 9876.32
44.1441 1.11254e-048 122.933 9877.07
44.2042 1.10432e-048 122.194 9877.81
44.2643 1.09622e-048 121.46 9878.54
44.3243 1.08822e-048 120.731 9879.27
44.3844 1.08033e-048 120.006 9879.99
44.4444 1.07254e-048 119.285 9880.71
44.5045 1.06486e-048 118.569 9881.43
44.5646 1.05728e-048 117.857 9882.14
44.6246 1.04979e-048 117.149 9882.85
44.6847 1.04241e-048 116.445 9883.55
44.7447 1.03512e-048 115.746 9884.25
44.8048 1.02792e-048 115.051 9884.95
44.8649 1.02082e-048 114.36 9885.64
44.9249 1.01381e-048 113.673 9886.33
44.985 1.00688e-048 112.99 9887.01
45.045 1.00005e-048 112.311 9887.69
45.1051 9.93306e-049 111.637 9888.36
45.1652 9.86646e-049 110.966 9889.03
45.2252 9.8007e-049 110.3 9889.7
45.2853 9.73577e-049 109.637 9890.36
45.3453 9.67167e-049 108.979 9891.02
45.4054 9.60836e-049 108.324 9891.68
45.4655 9.54585e-049 107.674 9892.33
45.5255 9.48412e-049 107.027 9892.97
45.5856 9.42315e-049 106.384 9893.62
45.6456 9.36294e-049 105.745 9894.25
45.7057 9.30348e-049 105.11 9894.89
45.7658 9.24475e-049 104.479 9895.52
45.8258 9.18674e-049 103.851 9896.15
45.8859 9.12944e-049 103.228 9896.77
45.9459 9.07284e-049 102.608 9897.39
46.006 9.01692e-049 101.991 9898.01
46.0661 8.96169e-049 101.379 9898.62
46.1261 8.90712e-049 100.77 9899.23
46.1862 8.85321e-049 100.165 9899.84
46.2462 8.79995e-049 99.5632 9900.44
46.3063 8.74733e-049 98.9652 9901.03
46.3664 8.69534e-049 98.3709 9901.63
46.4264 8.64397e-049 97.78 9902.22
46.4865 8.5932e-049 97.1928 9902.81
46.5465 8.54304e-049 96.609 9903.39
46.6066 8.49347e-049 96.0288 9903.97
46.6667 8.44449e-049 95.452 9904.55
46.7267 8.39607e-049 94.8788 9905.12
46.7868 8.34823e-049 94.3089 9905.69
46.8468 8.30094e-049 93.7425 9906.26
46.9069 8.25421e-049 93.1795 9906.82
46.967 8.20801e-049 92.6198 9907.38
47.027 8.16236e-049 92.0636 9907.94
47.0871 8.11722e-049 91.5106 9908.49
47.1471 8.07261e-049 90.961 9909.04
47.2072 8.02851e-049 90.4147 9909.59
47.2673 7.98491e-049 89.8717 9910.13
47.3273 7.94181e-049 89.3319 9910.67
47.3874 7.8992e-049 88.7954 9911.2
47.4474 7.85707e-049 88.2621 9911.74
47.5075 7.81542e-049 87.732 9912.27
47.5676 7.77424e-049 87.205 9912.79
47.6276 7.73352e-049 86.6813 9913.32
47.6877 7.69326e-049 86.1607 9913.84
47.7477 7.65345e-049 85.6432 9914.36
47.8078 7.61408e-049 85.1288 9914.87
47.8679 7.57515e-049 84.6175 9915.38
47.9279 7.53666e-049 84.1093 9915.89
47.988 7.49858e-049 83.6042 9916.4
48.048 7.46093e-049 83.102 9916.9
48.1081 7.42369e-049 82.6029 9917.4
48.1682 7.38686e-049 82.1068 9917.89
48.2282 7.35044e-049 81.6137 9918.39
48.2883 7.31441e-049 81.1235 9918.88
48.3483 7.27877e-049 80.6363 9919.36
48.4084 7.24352e-049 80.152 9919.85
48.4685 7.20865e-049 79.6706 9920.33
48.5285 7.17415e-049 79.1921 9920.81
48.5886 7.14003e-049 78.7165 9921.28
48.6486 7.10628e-049 78.2437 9921.76
48.7087 7.07288e-049 77.7738 9922.23
48.7688 7.03984e-049 77.3066 9922.69
48.8288 7.00716e-049 76.8423 9923.16
48.8889 6.97482e-049 76.3808 9923.62
48.9489 6.94282e-049 75.9221 9924.08
49.009 6.91116e-049 75.4661 9924.53
49.0691 6.87984e-049 75.0128 9924.99
49.1291 6.84884e-049 74.5623 9925.44
49.1892 6.81817e-049 74.1145 9925.89
49.2492 6.78782e-049 73.6694 9926.33
49.3093 6.75779e-049 73.2269 9926.77
49.3694 6.72807e-049 72.7871 9927.21
49.4294 6.69866e-049 72.3499 9927.65
49.4895 6.66955e-049 71.9154 9928.08
49.5495 6.64074e-049 71.4835 9928.52
49.6096 6.61223e-049 71.0542 9928.95
49.6697 6.58401e-049 70.6274 9929.37
49.7297 6.55608e-049 70.2032 9929.8
49.7898 6.52844e-049 69.7816 9930.22
49.8498 6.50108e-049 69.3625 9930.64
49.9099 6.474e-049 68.9459 9931.05
49.97 6.44719e-049 68.5318 9931.47
50.03 6.42065e-049 68.1202 9931.88
50.0901 6.39438e-049 67.7111 9932.29
50.1502 6.36838e-049 67.3044 9932.7
50.2102 6.34263e-049 66.9001 9933.1
50.2703 6.31715e-049 66.4983 9933.5
50.3303 6.29192e-049 66.099 9933.9
50.3904 6.26694e-049 65.702 9934.3
50.4505 6.24221e-049 65.3074 9934.69
50.5105 6.21773e-049 64.9151 9935.08
50.5706 6.19349e-049 64.5252 9935.47
50.6306 6.16948e-049 64.1377 9935.86
50.6907 6.14572e-049 63.7525 9936.25
50.7508 6.12219e-049 63.3696 9936.63
50.8108 6.09889e-049 62.989 9937.01
50.8709 6.07581e-049 62.6107 9937.39
50.9309 6.05296e-049 62.2346 9937.77
50.991 6.03034e-049 61.8609 9938.14
51.0511 6.00793e-049 61.4893 9938.51
51.1111 5.98575e-049 61.12 9938.88
51.1712 5.96377e-049 60.7529 9939.25
51.2312 5.94201e-049 60.3881 9939.61
51.2913 5.92046e-049 60.0254 9939.97
51.3514 5.89912e-049 59.6648 9940.34
51.4114 5.87798e-049 59.3065 9940.69
51.4715 5.85704e-049 58.9503 9941.05
51.5315 5.8363e-049 58.5962 9941.4
51.5916 5.81577e-049 58.2443 9941.76
51.6517 5.79542e-049 57.8945 9942.11
51.7117 5.77527e-049 57.5468 9942.45
51.7718 5.75531e-049 57.2012 9942.8
51.8318 5.73554e-049 56.8576 9943.14
51.8919 5.71595e-049 56.5161 9943.48
51.952 5.69655e-049 56.1767 9943.82
52.012 5.67733e-049 55.8393 9944.16
52.0721 5.65829e-049 55.5039 9944.5
52.1321 5.63943e-049 55.1706 9944.83
52.1922 5.62074e-049 54.8392 9945.16
52.2523 5.60223e-049 54.5098 9945.49
52.3123 5.58389e-049 54.1825 9945.82
52.3724 5.56571e-049 53.857 9946.14
52.4324 5.54771e-049 53.5336 9946.47
52.4925 5.52987e-049 53.212 9946.79
52.5526 5.5122e-049 52.8925 9947.11
52.6126 5.49469e-049 52.5748 9947.43
52.6727 5.47734e-049 52.259 9947.74
52.7327 5.46015e-049 51.9452 9948.05
52.7928 5.44311e-049 51.6332 9948.37
52.8529 5.42623e-049 51.3231 9948.68
52.9129 5.40951e-049 51.0148 9948.99
52.973 5.39293e-049 50.7084 9949.29
53.033 5.37651e-049 50.4039 9949.6
53.0931 5.36023e-049 50.1011 9949.9
53.1532 5.3441e-049 49.8002 9950.2
53.2132 5.32812e-049 49.5011 9950.5
53.2733 5.31228e-049 49.2038 9950.8
53.3333 5.29658e-049 48.9083 9951.09
53.3934 5.28102e-049 48.6146 9951.39
53.4535 5.2656e-049 48.3226 9951.68
53.5135 5.25032e-049 48.0324 9951.97
53.5736 5.23517e-049 47.7439 9952.26
53.6336 5.22016e-049 47.4571 9952.54
53.6937 5.20528e-049 47.1721 9952.83
53.7538 5.19054e-049 46.8888 9953.11
53.8138 5.17592e-049 46.6072 9953.39
53.8739 5.16143e-049 46.3272 9953.67
53.9339 5.14707e-049 46.049 9953.95
53.994 5.13283e-049 45.7724 9954.23
54.0541 5.11872e-049 45.4975 9954.5
54.1141 5.10473e-049 45.2243 9954.78
54.1742 5.09087e-049 44.9526 9955.05
54.2342 5.07712e-049 44.6827 9955.32
54.2943 5.0635e-049 44.4143 9955.59
54.3544 5.04999e-049 44.1475 9955.85
54.4144 5.0366e-049 43.8824 9956.12
54.4745 5.02333e-049 43.6188 9956.38
54.5345 5.01017e-049 43.3569 9956.64
54.5946 4.99712e-049 43.0965 9956.9
54.6547 4.98419e-049 42.8376 9957.16
54.7147 4.97136e-049 42.5803 9957.42
54.7748 4.95865e-049 42.3246 9957.68
54.8348 4.94605e-049 42.0704 9957.93
54.8949 4.93355e-049 41.8177 9958.18
54.955 4.92116e-049 41.5666 9958.43
55.015 4.90887e-049 41.3169 9958.68
55.0751 4.89669e-049 41.0688 9958.93
55.1351 4.88461e-049 40.8221 9959.18
55.1952 4.87264e-049 40.5769 9959.42
55.2553 4.86076e-049 40.3332 9959.67
55.3153 4.84899e-049 40.091 9959.91
55.3754 4.83731e-049 39.8502 9960.15
55.4354 4.82573e-049 39.6109 9960.39
55.4955 4.81425e-049 39.373 9960.63
55.5556 4.80287e-049 39.1365 9960.86
55.6156 4.79158e-049 38.9014 9961.1
55.6757 4.78038e-049 38.6678 9961.33
55.7357 4.76928e-049 38.4355 9961.56
55.7958 4.75827e-049 38.2047 9961.8
55.8559 4.74735e-049 37.9752 9962.02
55.9159 4.73653e-049 37.7472 9962.25
55.976 4.72579e-049 37.5205 9962.48
56.036 4.71514e-049 37.2951 9962.7
56.0961 4.70458e-049 37.0711 9962.93
56.1562 4.6941e-049 36.8485 9963.15
56.2162 4.68371e-049 36.6271 9963.37
56.2763 4.67341e-049 36.4072 9963.59
56.3363 4.66319e-049 36.1885 9963.81
56.3964 4.65306e-049 35.9712 9964.03
56.4565 4.643e-049 35.7551 9964.24
56.5165 4.63303e-049 35.5404 9964.46
56.5766 4.62314e-049 35.3269 9964.67
56.6366 4.61333e-049 35.1147 9964.89
56.6967 4.6036e-049 34.9038 9965.1
56.7568 4.59395e-049 34.6942 9965.31
56.8168 4.58438e-049 34.4858 9965.51
56.8769 4.57489e-049 34.2787 9965.72
56.9369 4.56547e-049 34.0728 9965.93
56.997 4.55612e-049 33.8682 9966.13
57.0571 4.54686e-049 33.6648 9966.34
57.1171 4.53766e-049 33.4626 9966.54
57.1772 4.52854e-049 33.2616 9966.74
57.2372 4.5195e-049 33.0618 9966.94
57.2973 4.51052e-049 32.8633 9967.14
57.3574 4.50162e-049 32.6659 9967.33
57.4174 4.49279e-049 32.4697 9967.53
57.4775 4.48403e-049 32.2747 9967.73
57.5375 4.47533e-049 32.0808 9967.92
57.5976 4.46671e-049 31.8882 9968.11
57.6577 4.45816e-049 31.6966 9968.3
57.7177 4.44967e-049 31.5063 9968.49
57.7778 4.44125e-049 31.3171 9968.68
57.8378 4.4329e-049 31.129 9968.87
57.8979 4.42461e-049 30.942 9969.06
57.958 4.41639e-049 30.7562 9969.24
58.018 4.40823e-049 30.5714 9969.43
58.0781 4.40013e-049 30.3878 9969.61
58.1381 4.3921e-049 30.2053 9969.79
58.1982 4.38414e-049 30.0239 9969.98
58.2583 4.37623e-049 29.8436 9970.16
58.3183 4.36839e-049 29.6643 9970.34
58.3784 4.3606e-049 29.4862 9970.51
58.4384 4.35288e-049 29.3091 9970.69
58.4985 4.34522e-049 29.1331 9970.87
58.5586 4.33762e-049 28.9581 9971.04
58.6186 4.33007e-049 28.7842 9971.22
58.6787 4.32259e-049 28.6113 9971.39
58.7387 4.31516e-049 28.4394 9971.56
58.7988 4.30779e-049 28.2686 9971.73
58.8589 4.30047e-049 28.0989 9971.9
58.9189 4.29322e-049 27.9301 9972.07
58.979 4.28601e-049 27.7623 9972.24
59.039 4.27887e-049 27.5956 9972.4
59.0991 4.27178e-049 27.4299 9972.57
59.1592 4.26474e-049 27.2651 9972.73
59.2192 4.25775e-049 27.1014 9972.9
59.2793 4.25082e-049 26.9386 9973.06
59.3393 4.24395e-049 26.7768 9973.22
59.3994 4.23712e-049 26.616 9973.38
59.4595 4.23035e-049 26.4561 9973.54
59.5195 4.22363e-049 26.2972 9973.7
59.5796 4.21695e-049 26.1393 9973.86
59.6396 4.21033e-049 25.9823 9974.02
59.6997 4.20376e-049 25.8262 9974.17
59.7598 4.19724e-049 25.6711 9974.33
59.8198 4.19077e-049 25.5169 9974.48
59.8799 4.18435e-049 25.3637 9974.64
59.9399 4.17798e-049 25.2114 9974.79
60 4.17165e-049 25.0599 9974.94
