0 9100 900 0
0.0600601 8474.55 1518.32 7.12171
0.12012 7536.35 2444.8 18.8569
0.18018 6278.24 3684.63 37.1249
0.24024 4822.59 5113.9 63.5054
0.3003 3399.74 6501.79 98.4695
0.36036 2220.11 7638.79 141.094
0.42042 1367.82 8442.62 189.555
0.48048 810.686 8947.4 241.912
0.540541 469.47 9233.93 296.603
0.600601 268.488 9378.96 352.555
0.660661 152.651 9438.25 409.097
0.720721 86.6266 9447.54 465.83
0.780781 49.1776 9428.3 522.526
0.840841 27.9647 9392.98 579.052
0.900901 15.9403 9348.72 635.337
0.960961 9.11168 9299.55 691.34
1.02102 5.22411 9247.74 747.038
1.08108 3.00461 9194.57 802.421
1.14114 1.7336 9140.78 857.482
1.2012 1.00348 9086.78 912.22
1.26126 0.582732 9032.78 966.633
1.32132 0.339489 8978.94 1020.72
1.38138 0.198416 8925.31 1074.49
1.44144 0.116336 8871.95 1127.93
1.5015 0.0684278 8818.87 1181.06
1.56156 0.0403761 8766.09 1233.87
1.62162 0.023899 8713.62 1286.36
1.68168 0.0141904 8661.45 1338.54
1.74174 0.00845196 8609.59 1390.4
1.8018 0.00504967 8558.04 1441.95
1.86186 0.00302624 8506.8 1493.2
1.92192 0.00181915 8455.86 1544.14
1.98198 0.00109687 8405.23 1594.77
2.04204 0.000663359 8354.9 1645.1
2.1021 0.00040239 8304.87 1695.13
2.16216 0.000244817 8255.14 1744.86
2.22222 0.000149391 8205.71 1794.29
2.28228 9.14293e-005 8156.57 1843.43
2.34234 5.61204e-005 8107.73 1892.27
2.4024 3.45479e-005 8059.18 1940.82
2.46246 2.13294e-005 8010.92 1989.08
2.52252 1.32065e-005 7962.95 2037.05
2.58258 8.20049e-006 7915.27 2084.73
2.64264 5.10655e-006 7867.87 2132.13
2.7027 3.18892e-006 7820.76 2179.24
2.76276 1.99701e-006 7773.93 2226.07
2.82282 1.2541e-006 7727.38 2272.62
2.88288 7.89751e-007 7681.11 2318.89
2.94294 4.9871e-007 7635.11 2364.89
3.003 3.1579e-007 7589.39 2410.61
3.06306 2.00509e-007 7543.95 2456.05
3.12312 1.27658e-007 7498.78 2501.22
3.18318 8.14958e-008 7453.87 2546.13
3.24324 5.21658e-008 7409.24 2590.76
3.3033 3.34807e-008 7364.87 2635.13
3.36336 2.15454e-008 7320.77 2679.23
3.42342 1.39014e-008 7276.93 2723.07
3.48348 8.99289e-009 7233.36 2766.64
3.54354 5.83271e-009 7190.05 2809.95
3.6036 3.79285e-009 7146.99 2853.01
3.66366 2.47274e-009 7104.2 2895.8
3.72372 1.61623e-009 7061.66 2938.34
3.78378 1.05908e-009 7019.37 2980.63
3.84384 6.95751e-010 6977.34 3022.66
3.9039 4.58215e-010 6935.56 3064.44
3.96396 3.02531e-010 6894.03 3105.97
4.02402 2.00239e-010 6852.75 3147.25
4.08408 1.32861e-010 6811.71 3188.29
4.14414 8.83715e-011 6770.92 3229.08
4.2042 5.89232e-011 6730.38 3269.62
4.26426 3.93834e-011 6690.08 3309.92
4.32432 2.63867e-011 6650.02 3349.98
4.38438 1.77214e-011 6610.2 3389.8
4.44444 1.19301e-011 6570.62 3429.38
4.5045 8.05045e-012 6531.27 3468.73
4.56456 5.44524e-012 6492.16 3507.84
4.62462 3.69172e-012 6453.29 3546.71
4.68468 2.50871e-012 6414.64 3585.36
4.74474 1.70874e-012 6376.23 3623.77
4.8048 1.16654e-012 6338.05 3661.95
4.86486 7.98202e-013 6300.1 3699.9
4.92492 5.4741e-013 6262.38 3737.62
4.98498 3.76264e-013 6224.88 3775.12
5.04505 2.59207e-013 6187.6 3812.4
5.10511 1.78965e-013 6150.55 3849.45
5.16517 1.23838e-013 6113.72 3886.28
5.22523 8.58807e-014 6077.11 3922.89
5.28529 5.96881e-014 6040.72 3959.28
5.34535 4.15744e-014 6004.55 3995.45
5.40541 2.90204e-014 5968.59 4031.41
5.46547 2.03009e-014 5932.85 4067.15
5.52553 1.42317e-014 5897.33 4102.67
5.58559 9.99813e-015 5862.02 4137.98
5.64565 7.03881e-015 5826.91 4173.09
5.70571 4.96583e-015 5792.02 4207.98
5.76577 3.51068e-015 5757.34 4242.66
5.82583 2.48709e-015 5722.86 4277.14
5.88589 1.76558e-015 5688.6 4311.4
5.94595 1.25596e-015 5654.53 4345.47
6.00601 8.95256e-016 5620.67 4379.33
6.06607 6.39439e-016 5587.02 4412.98
6.12613 4.57642e-016 5553.56 4446.44
6.18619 3.28187e-016 5520.31 4479.69
6.24625 2.3582e-016 5487.25 4512.75
6.30631 1.69786e-016 5454.39 4545.61
6.36637 1.22482e-016 5421.73 4578.27
6.42643 8.8531e-017 5389.27 4610.73
6.48649 6.41152e-017 5357 4643
6.54655 4.65227e-017 5324.92 4675.08
6.60661 3.38223e-017 5293.03 4706.97
6.66667 2.4636e-017 5261.34 4738.66
6.72673 1.79788e-017 5229.83 4770.17
6.78679 1.31453e-017 5198.52 4801.48
6.84685 9.62926e-018 5167.39 4832.61
6.90691 7.06684e-018 5136.45 4863.55
6.96697 5.19592e-018 5105.69 4894.31
7.02703 3.82735e-018 5075.12 4924.88
7.08709 2.82442e-018 5044.73 4955.27
7.14715 2.08809e-018 5014.52 4985.48
7.20721 1.54652e-018 4984.49 5015.51
7.26727 1.14747e-018 4954.64 5045.36
7.32733 8.52912e-019 4924.98 5075.02
7.38739 6.35094e-019 4895.48 5104.52
7.44745 4.73738e-019 4866.17 5133.83
7.50751 3.53997e-019 4837.03 5162.97
7.56757 2.64984e-019 4808.07 5191.93
7.62763 1.98697e-019 4779.28 5220.72
7.68769 1.4925e-019 4750.66 5249.34
7.74775 1.123e-019 4722.21 5277.79
7.80781 8.46413e-020 4693.93 5306.07
7.86787 6.39031e-020 4665.83 5334.17
7.92793 4.83273e-020 4637.89 5362.11
7.98799 3.66091e-020 4610.12 5389.88
8.04805 2.77784e-020 4582.51 5417.49
8.10811 2.11127e-020 4555.07 5444.93
8.16817 1.60729e-020 4527.8 5472.2
8.22823 1.22561e-020 4500.68 5499.32
8.28829 9.36085e-021 4473.73 5526.27
8.34835 7.1611e-021 4446.94 5553.06
8.40841 5.48707e-021 4420.32 5579.68
8.46847 4.21108e-021 4393.85 5606.15
8.52853 3.23694e-021 4367.54 5632.46
8.58859 2.49207e-021 4341.38 5658.62
8.64865 1.92161e-021 4315.39 5684.61
8.70871 1.48404e-021 4289.55 5710.45
8.76877 1.14789e-021 4263.86 5736.14
8.82883 8.89241e-022 4238.33 5761.67
8.88889 6.89928e-022 4212.95 5787.05
8.94895 5.36103e-022 4187.72 5812.28
9.00901 4.17204e-022 4162.65 5837.35
9.06907 3.25163e-022 4137.72 5862.28
9.12913 2.53805e-022 4112.94 5887.06
9.18919 1.98402e-022 4088.32 5911.68
9.24925 1.55321e-022 4063.83 5936.17
9.30931 1.21773e-022 4039.5 5960.5
9.36937 9.56106e-023 4015.31 5984.69
9.42943 7.51777e-023 3991.27 6008.73
9.48949 5.91966e-023 3967.37 6032.63
9.54955 4.66796e-023 3943.61 6056.39
9.60961 3.68616e-023 3920 6080
9.66967 2.91498e-023 3896.52 6103.48
9.72973 2.30838e-023 3873.19 6126.81
9.78979 1.83057e-023 3850 6150
9.84985 1.45367e-023 3826.95 6173.05
9.90991 1.15597e-023 3804.03 6195.97
9.96997 9.20501e-024 3781.25 6218.75
10.03 7.33995e-024 3758.61 6241.39
10.0901 5.86072e-024 3736.1 6263.9
10.1502 4.68591e-024 3713.73 6286.27
10.2102 3.75162e-024 3691.49 6308.51
10.2703 3.00761e-024 3669.39 6330.61
10.3303 2.41434e-024 3647.42 6352.58
10.3904 1.94065e-024 3625.58 6374.42
10.4505 1.56194e-024 3603.87 6396.13
10.5105 1.25877e-024 3582.29 6417.71
10.5706 1.01575e-024 3560.83 6439.17
10.6306 8.20709e-025 3539.51 6460.49
10.6907 6.63963e-025 3518.32 6481.68
10.7508 5.37836e-025 3497.25 6502.75
10.8108 4.36218e-025 3476.31 6523.69
10.8709 3.54244e-025 3455.49 6544.51
10.9309 2.88032e-025 3434.8 6565.2
10.991 2.34487e-025 3414.23 6585.77
11.0511 1.91131e-025 3393.79 6606.21
11.1111 1.55982e-025 3373.47 6626.53
11.1712 1.27452e-025 3353.27 6646.73
11.2312 1.04267e-025 3333.19 6666.81
11.2913 8.54015e-026 3313.23 6686.77
11.3514 7.00333e-026 3293.39 6706.61
11.4114 5.74989e-026 3273.67 6726.33
11.4715 4.72636e-026 3254.06 6745.94
11.5315 3.88959e-026 3234.58 6765.42
11.5916 3.20471e-026 3215.21 6784.79
11.6517 2.64348e-026 3195.96 6804.04
11.7117 2.18305e-026 3176.82 6823.18
11.7718 1.80489e-026 3157.8 6842.2
11.8318 1.49393e-026 3138.89 6861.11
11.8919 1.23795e-026 3120.09 6879.91
11.952 1.02699e-026 3101.41 6898.59
12.012 8.52926e-027 3082.84 6917.16
12.0721 7.09156e-027 3064.38 6935.62
12.1321 5.90271e-027 3046.03 6953.97
12.1922 4.91857e-027 3027.79 6972.21
12.2523 4.10299e-027 3009.66 6990.34
12.3123 3.42636e-027 2991.64 7008.36
12.3724 2.8644e-027 2973.72 7026.28
12.4324 2.39719e-027 2955.92 7044.08
12.4925 2.00832e-027 2938.22 7061.78
12.5526 1.68431e-027 2920.62 7079.38
12.6126 1.41407e-027 2903.13 7096.87
12.6727 1.18843e-027 2885.75 7114.25
12.7327 9.99837e-028 2868.47 7131.53
12.7928 8.42041e-028 2851.29 7148.71
12.8529 7.09879e-028 2834.22 7165.78
12.9129 5.99073e-028 2817.25 7182.75
12.973 5.06076e-028 2800.38 7199.62
13.033 4.27948e-028 2783.61 7216.39
13.0931 3.62245e-028 2766.94 7233.06
13.1532 3.06935e-028 2750.37 7249.63
13.2132 2.60329e-028 2733.9 7266.1
13.2733 2.21017e-028 2717.53 7282.47
13.3333 1.87826e-028 2701.26 7298.74
13.3934 1.59775e-028 2685.09 7314.91
13.4535 1.36045e-028 2669.01 7330.99
13.5135 1.1595e-028 2653.03 7346.97
13.5736 9.89189e-029 2637.14 7362.86
13.6336 8.44694e-029 2621.35 7378.65
13.6937 7.21988e-029 2605.65 7394.35
13.7538 6.17688e-029 2590.05 7409.95
13.8138 5.28949e-029 2574.54 7425.46
13.8739 4.53379e-029 2559.12 7440.88
13.9339 3.88965e-029 2543.8 7456.2
13.994 3.34009e-029 2528.57 7471.43
14.0541 2.87079e-029 2513.43 7486.57
14.1141 2.46967e-029 2498.38 7501.62
14.1742 2.12651e-029 2483.41 7516.59
14.2342 1.83267e-029 2468.54 7531.46
14.2943 1.58085e-029 2453.76 7546.24
14.3544 1.36483e-029 2439.07 7560.93
14.4144 1.17937e-029 2424.46 7575.54
14.4745 1.02e-029 2409.95 7590.05
14.5345 8.82933e-030 2395.52 7604.48
14.5946 7.64947e-030 2381.17 7618.83
14.6547 6.63297e-030 2366.91 7633.09
14.7147 5.75645e-030 2352.74 7647.26
14.7748 5.00001e-030 2338.65 7661.35
14.8348 4.34664e-030 2324.65 7675.35
14.8949 3.78181e-030 2310.73 7689.27
14.955 3.29312e-030 2296.89 7703.11
15.015 2.86996e-030 2283.14 7716.86
15.0751 2.50324e-030 2269.47 7730.53
15.1351 2.18516e-030 2255.88 7744.12
15.1952 1.90905e-030 2242.37 7757.63
15.2553 1.66918e-030 2228.94 7771.06
15.3153 1.46063e-030 2215.59 7784.41
15.3754 1.27915e-030 2202.33 7797.67
15.4354 1.12111e-030 2189.14 7810.86
15.4955 9.83376e-031 2176.03 7823.97
15.5556 8.63239e-031 2163 7837
15.6156 7.5837e-031 2150.05 7849.95
15.6757 6.66757e-031 2137.17 7862.83
15.7357 5.86664e-031 2124.38 7875.62
15.7958 5.16588e-031 2111.66 7888.34
15.8559 4.55228e-031 2099.01 7900.99
15.9159 4.01461e-031 2086.44 7913.56
15.976 3.54311e-031 2073.95 7926.05
16.036 3.12932e-031 2061.53 7938.47
16.0961 2.76592e-031 2049.19 7950.81
16.1562 2.44652e-031 2036.91 7963.09
16.2162 2.1656e-031 2024.72 7975.28
16.2763 1.91833e-031 2012.59 7987.41
16.3363 1.70053e-031 2000.54 7999.46
16.3964 1.50855e-031 1988.56 8011.44
16.4565 1.3392e-031 1976.66 8023.34
16.5165 1.18971e-031 1964.82 8035.18
16.5766 1.05766e-031 1953.05 8046.95
16.6366 9.40928e-032 1941.36 8058.64
16.6967 8.37665e-032 1929.73 8070.27
16.7568 7.46254e-032 1918.18 8081.82
16.8168 6.65278e-032 1906.69 8093.31
16.8769 5.93497e-032 1895.28 8104.72
16.9369 5.29823e-032 1883.93 8116.07
16.997 4.73302e-032 1872.65 8127.35
17.0571 4.23096e-032 1861.43 8138.57
17.1171 3.7847e-032 1850.29 8149.71
17.1772 3.38777e-032 1839.21 8160.79
17.2372 3.03448e-032 1828.19 8171.81
17.2973 2.71983e-032 1817.25 8182.75
17.3574 2.4394e-032 1806.36 8193.64
17.4174 2.18931e-032 1795.55 8204.45
17.4775 1.96613e-032 1784.8 8215.2
17.5375 1.76684e-032 1774.11 8225.89
17.5976 1.58877e-032 1763.49 8236.51
17.6577 1.42956e-032 1752.93 8247.07
17.7177 1.28711e-032 1742.43 8257.57
17.7778 1.15959e-032 1732 8268
17.8378 1.04535e-032 1721.62 8278.38
17.8979 9.42952e-033 1711.32 8288.68
17.958 8.5111e-033 1701.07 8298.93
18.018 7.68685e-033 1690.88 8309.12
18.0781 6.94666e-033 1680.76 8319.24
18.1381 6.28156e-033 1670.69 8329.31
18.1982 5.68355e-033 1660.69 8339.31
18.2583 5.14556e-033 1650.74 8349.26
18.3183 4.66127e-033 1640.86 8359.14
18.3784 4.22506e-033 1631.03 8368.97
18.4384 3.83192e-033 1621.27 8378.73
18.4985 3.4774e-033 1611.56 8388.44
18.5586 3.15751e-033 1601.91 8398.09
18.6186 2.86871e-033 1592.32 8407.68
18.6787 2.60782e-033 1582.78 8417.22
18.7387 2.37201e-033 1573.3 8426.7
18.7988 2.15875e-033 1563.88 8436.12
18.8589 1.96577e-033 1554.52 8445.48
18.9189 1.79104e-033 1545.21 8454.79
18.979 1.63276e-033 1535.96 8464.04
19.039 1.48929e-033 1526.76 8473.24
19.0991 1.35917e-033 1517.62 8482.38
19.1592 1.2411e-033 1508.53 8491.47
19.2192 1.13391e-033 1499.5 8500.5
19.2793 1.03653e-033 1490.52 8509.48
19.3393 9.48027e-034 1481.59 8518.41
19.3994 8.67543e-034 1472.72 8527.28
19.4595 7.94313e-034 1463.9 8536.1
19.5195 7.2765e-034 1455.14 8544.86
19.5796 6.66931e-034 1446.42 8553.58
19.6396 6.11597e-034 1437.76 8562.24
19.6997 5.61146e-034 1429.15 8570.85
19.7598 5.15122e-034 1420.6 8579.4
19.8198 4.73115e-034 1412.09 8587.91
19.8799 4.34755e-034 1403.63 8596.37
19.9399 3.99707e-034 1395.23 8604.77
20 3.6767e-034 1386.87 8613.13
20.0601 3.3837e-034 1378.57 8621.43
20.1201 3.1156e-034 1370.31 8629.69
20.1802 2.87016e-034 1362.11 8637.89
20.2402 2.64535e-034 1353.95 8646.05
20.3003 2.43934e-034 1345.84 8654.16
20.3604 2.25047e-034 1337.79 8662.21
20.4204 2.07722e-034 1329.78 8670.22
20.4805 1.91824e-034 1321.81 8678.19
20.5405 1.77226e-034 1313.9 8686.1
20.6006 1.63817e-034 1306.03 8693.97
20.6607 1.51494e-034 1298.21 8701.79
20.7207 1.40163e-034 1290.44 8709.56
20.7808 1.2974e-034 1282.71 8717.29
20.8408 1.20148e-034 1275.03 8724.97
20.9009 1.11317e-034 1267.39 8732.61
20.961 1.03181e-034 1259.8 8740.2
21.021 9.56839e-035 1252.26 8747.74
21.0811 8.87714e-035 1244.76 8755.24
21.1411 8.23953e-035 1237.31 8762.69
21.2012 7.65113e-035 1229.9 8770.1
21.2613 7.1079e-035 1222.53 8777.47
21.3213 6.60615e-035 1215.21 8784.79
21.3814 6.14252e-035 1207.94 8792.06
21.4414 5.71391e-035 1200.7 8799.3
21.5015 5.31751e-035 1193.51 8806.49
21.5616 4.95074e-035 1186.37 8813.63
21.6216 4.61124e-035 1179.26 8820.74
21.6817 4.29685e-035 1172.2 8827.8
21.7417 4.00559e-035 1165.18 8834.82
21.8018 3.73565e-035 1158.21 8841.79
21.8619 3.48535e-035 1151.27 8848.73
21.9219 3.25317e-035 1144.38 8855.62
21.982 3.03771e-035 1137.52 8862.48
22.042 2.83769e-035 1130.71 8869.29
22.1021 2.65191e-035 1123.94 8876.06
22.1622 2.47931e-035 1117.21 8882.79
22.2222 2.31887e-035 1110.52 8889.48
22.2823 2.16969e-035 1103.87 8896.13
22.3423 2.03091e-035 1097.26 8902.74
22.4024 1.90176e-035 1090.69 8909.31
22.4625 1.78152e-035 1084.16 8915.84
22.5225 1.66954e-035 1077.67 8922.33
22.5826 1.56521e-035 1071.22 8928.78
22.6426 1.46796e-035 1064.8 8935.2
22.7027 1.37728e-035 1058.42 8941.58
22.7628 1.2927e-035 1052.09 8947.91
22.8228 1.21378e-035 1045.79 8954.21
22.8829 1.1401e-035 1039.52 8960.48
22.9429 1.07129e-035 1033.3 8966.7
23.003 1.00702e-035 1027.11 8972.89
23.0631 9.46949e-036 1020.96 8979.04
23.1231 8.90791e-036 1014.85 8985.15
23.1832 8.3827e-036 1008.77 8991.23
23.2432 7.89133e-036 1002.73 8997.27
23.3033 7.43145e-036 996.727 9003.27
23.3634 7.00089e-036 990.759 9009.24
23.4234 6.59763e-036 984.826 9015.17
23.4835 6.21981e-036 978.929 9021.07
23.5435 5.86569e-036 973.067 9026.93
23.6036 5.53368e-036 967.24 9032.76
23.6637 5.22229e-036 961.448 9038.55
23.7237 4.93012e-036 955.691 9044.31
23.7838 4.65591e-036 949.969 9050.03
23.8438 4.39845e-036 944.28 9055.72
23.9039 4.15665e-036 938.626 9061.37
23.964 3.92947e-036 933.005 9066.99
24.024 3.71595e-036 927.418 9072.58
24.0841 3.51522e-036 921.865 9078.13
24.1441 3.32643e-036 916.345 9083.66
24.2042 3.14883e-036 910.858 9089.14
24.2643 2.98168e-036 905.404 9094.6
24.3243 2.82433e-036 899.982 9100.02
24.3844 2.67615e-036 894.593 9105.41
24.4444 2.53657e-036 889.236 9110.76
24.5045 2.40504e-036 883.911 9116.09
24.5646 2.28105e-036 878.619 9121.38
24.6246 2.16414e-036 873.357 9126.64
24.6847 2.05387e-036 868.128 9131.87
24.7447 1.94983e-036 862.929 9137.07
24.8048 1.85164e-036 857.762 9142.24
24.8649 1.75894e-036 852.626 9147.37
24.9249 1.67139e-036 847.52 9152.48
24.985 1.58868e-036 842.445 9157.55
25.045 1.51053e-036 837.401 9162.6
25.1051 1.43665e-036 832.386 9167.61
25.1652 1.3668e-036 827.402 9172.6
25.2252 1.30073e-036 822.448 9177.55
25.2853 1.23822e-036 817.523 9182.48
25.3453 1.17907e-036 812.627 9187.37
25.4054 1.12307e-036 807.761 9192.24
25.4655 1.07004e-036 802.925 9197.08
25.5255 1.01981e-036 798.117 9201.88
25.5856 9.72219e-037 793.338 9206.66
25.6456 9.27114e-037 788.587 9211.41
25.7057 8.84352e-037 783.865 9216.14
25.7658 8.43802e-037 779.171 9220.83
25.8258 8.05337e-037 774.505 9225.49
25.8859 7.6884e-037 769.868 9230.13
25.9459 7.34202e-037 765.258 9234.74
26.006 7.01317e-037 760.675 9239.32
26.0661 6.70089e-037 756.12 9243.88
26.1261 6.40426e-037 751.593 9248.41
26.1862 6.12243e-037 747.092 9252.91
26.2462 5.85457e-037 742.619 9257.38
26.3063 5.59993e-037 738.172 9261.83
26.3664 5.3578e-037 733.752 9266.25
26.4264 5.12749e-037 729.358 9270.64
26.4865 4.90837e-037 724.991 9275.01
26.5465 4.69984e-037 720.649 9279.35
26.6066 4.50135e-037 716.334 9283.67
26.6667 4.31235e-037 712.045 9287.96
26.7267 4.13235e-037 707.781 9292.22
26.7868 3.96087e-037 703.543 9296.46
26.8468 3.79747e-037 699.33 9300.67
26.9069 3.64173e-037 695.142 9304.86
26.967 3.49326e-037 690.98 9309.02
27.027 3.35167e-037 686.842 9313.16
27.0871 3.21662e-037 682.729 9317.27
27.1471 3.08777e-037 678.641 9321.36
27.2072 2.9648e-037 674.578 9325.42
27.2673 2.84743e-037 670.538 9329.46
27.3273 2.73537e-037 666.523 9333.48
27.3874 2.62834e-037 662.532 9337.47
27.4474 2.52611e-037 658.565 9341.44
27.5075 2.42843e-037 654.621 9345.38
27.5676 2.33508e-037 650.701 9349.3
27.6276 2.24585e-037 646.805 9353.2
27.6877 2.16053e-037 642.932 9357.07
27.7477 2.07893e-037 639.082 9360.92
27.8078 2.00088e-037 635.255 9364.74
27.8679 1.9262e-037 631.451 9368.55
27.9279 1.85472e-037 627.67 9372.33
27.988 1.78631e-037 623.911 9376.09
28.048 1.7208e-037 620.175 9379.82
28.1081 1.65807e-037 616.462 9383.54
28.1682 1.59798e-037 612.771 9387.23
28.2282 1.54041e-037 609.101 9390.9
28.2883 1.48524e-037 605.454 9394.55
28.3483 1.43236e-037 601.828 9398.17
28.4084 1.38166e-037 598.225 9401.78
28.4685 1.33304e-037 594.643 9405.36
28.5285 1.28641e-037 591.082 9408.92
28.5886 1.24167e-037 587.542 9412.46
28.6486 1.19875e-037 584.024 9415.98
28.7087 1.15755e-037 580.527 9419.47
28.7688 1.118e-037 577.051 9422.95
28.8288 1.08003e-037 573.595 9426.4
28.8889 1.04357e-037 570.161 9429.84
28.9489 1.00854e-037 566.747 9433.25
29.009 9.74887e-038 563.353 9436.65
29.0691 9.42549e-038 559.98 9440.02
29.1291 9.11467e-038 556.626 9443.37
29.1892 8.81588e-038 553.293 9446.71
29.2492 8.52859e-038 549.98 9450.02
29.3093 8.25229e-038 546.687 9453.31
29.3694 7.98652e-038 543.413 9456.59
29.4294 7.73082e-038 540.159 9459.84
29.4895 7.48477e-038 536.925 9463.08
29.5495 7.24796e-038 533.71 9466.29
29.6096 7.01998e-038 530.514 9469.49
29.6697 6.80048e-038 527.337 9472.66
29.7297 6.5891e-038 524.18 9475.82
29.7898 6.38549e-038 521.041 9478.96
29.8498 6.18934e-038 517.921 9482.08
29.9099 6.00034e-038 514.819 9485.18
29.97 5.81819e-038 511.737 9488.26
30.03 5.6426e-038 508.672 9491.33
30.0901 5.47333e-038 505.627 9494.37
30.1502 5.31009e-038 502.599 9497.4
30.2102 5.15266e-038 499.589 9500.41
30.2703 5.0008e-038 496.598 9503.4
30.3303 4.85429e-038 493.624 9506.38
30.3904 4.7129e-038 490.668 9509.33
30.4505 4.57644e-038 487.73 9512.27
30.5105 4.44472e-038 484.81 9515.19
30.5706 4.31754e-038 481.907 9518.09
30.6306 4.19473e-038 479.021 9520.98
30.6907 4.07612e-038 476.153 9523.85
30.7508 3.96155e-038 473.301 9526.7
30.8108 3.85085e-038 470.467 9529.53
30.8709 3.74388e-038 467.65 9532.35
30.9309 3.64049e-038 464.85 9535.15
30.991 3.54055e-038 462.066 9537.93
31.0511 3.44393e-038 459.299 9540.7
31.1111 3.35051e-038 456.549 9543.45
31.1712 3.26015e-038 453.815 9546.18
31.2312 3.17275e-038 451.098 9548.9
31.2913 3.0882e-038 448.397 9551.6
31.3514 3.00638e-038 445.712 9554.29
31.4114 2.92721e-038 443.043 9556.96
31.4715 2.85057e-038 440.39 9559.61
31.5315 2.77638e-038 437.753 9562.25
31.5916 2.70455e-038 435.131 9564.87
31.6517 2.63499e-038 432.526 9567.47
31.7117 2.56762e-038 429.936 9570.06
31.7718 2.50236e-038 427.361 9572.64
31.8318 2.43914e-038 424.802 9575.2
31.8919 2.37788e-038 422.259 9577.74
31.952 2.31851e-038 419.73 9580.27
32.012 2.26096e-038 417.217 9582.78
32.0721 2.20517e-038 414.719 9585.28
32.1321 2.15109e-038 412.235 9587.76
32.1922 2.09864e-038 409.767 9590.23
32.2523 2.04777e-038 407.313 9592.69
32.3123 1.99843e-038 404.874 9595.13
32.3724 1.95056e-038 402.45 9597.55
32.4324 1.90412e-038 400.04 9599.96
32.4925 1.85905e-038 397.644 9602.36
32.5526 1.81531e-038 395.263 9604.74
32.6126 1.77284e-038 392.896 9607.1
32.6727 1.73162e-038 390.544 9609.46
32.7327 1.6916e-038 388.205 9611.79
32.7928 1.65273e-038 385.881 9614.12
32.8529 1.61498e-038 383.57 9616.43
32.9129 1.57831e-038 381.273 9618.73
32.973 1.54268e-038 378.99 9621.01
33.033 1.50807e-038 376.721 9623.28
33.0931 1.47443e-038 374.465 9625.54
33.1532 1.44173e-038 372.223 9627.78
33.2132 1.40996e-038 369.994 9630.01
33.2733 1.37906e-038 367.778 9632.22
33.3333 1.34902e-038 365.576 9634.42
33.3934 1.31981e-038 363.387 9636.61
33.4535 1.2914e-038 361.211 9638.79
33.5135 1.26377e-038 359.048 9640.95
33.5736 1.23689e-038 356.898 9643.1
33.6336 1.21074e-038 354.761 9645.24
33.6937 1.18529e-038 352.637 9647.36
33.7538 1.16052e-038 350.525 9649.48
33.8138 1.13642e-038 348.426 9651.57
33.8739 1.11295e-038 346.34 9653.66
33.9339 1.09011e-038 344.266 9655.73
33.994 1.06787e-038 342.204 9657.8
34.0541 1.04621e-038 340.155 9659.84
34.1141 1.02511e-038 338.118 9661.88
34.1742 1.00457e-038 336.094 9663.91
34.2342 9.84553e-039 334.081 9665.92
34.2943 9.65053e-039 332.081 9667.92
34.3544 9.46052e-039 330.092 9669.91
34.4144 9.27536e-039 328.116 9671.88
34.4745 9.0949e-039 326.151 9673.85
34.5345 8.919e-039 324.198 9675.8
34.5946 8.74753e-039 322.257 9677.74
34.6547 8.58035e-039 320.327 9679.67
34.7147 8.41734e-039 318.409 9681.59
34.7748 8.25837e-039 316.502 9683.5
34.8348 8.10333e-039 314.607 9685.39
34.8949 7.9521e-039 312.723 9687.28
34.955 7.80458e-039 310.85 9689.15
35.015 7.66065e-039 308.989 9691.01
35.0751 7.52021e-039 307.139 9692.86
35.1351 7.38317e-039 305.3 9694.7
35.1952 7.24942e-039 303.472 9696.53
35.2553 7.11887e-039 301.654 9698.35
35.3153 6.99144e-039 299.848 9700.15
35.3754 6.86703e-039 298.053 9701.95
35.4354 6.74556e-039 296.268 9703.73
35.4955 6.62694e-039 294.494 9705.51
35.5556 6.51111e-039 292.73 9707.27
35.6156 6.39797e-039 290.977 9709.02
35.6757 6.28746e-039 289.235 9710.76
35.7357 6.1795e-039 287.503 9712.5
35.7958 6.07403e-039 285.782 9714.22
35.8559 5.97097e-039 284.07 9715.93
35.9159 5.87026e-039 282.369 9717.63
35.976 5.77184e-039 280.678 9719.32
36.036 5.67564e-039 278.998 9721
36.0961 5.58161e-039 277.327 9722.67
36.1562 5.48969e-039 275.666 9724.33
36.2162 5.39981e-039 274.016 9725.98
36.2763 5.31193e-039 272.375 9727.63
36.3363 5.226e-039 270.744 9729.26
36.3964 5.14196e-039 269.123 9730.88
36.4565 5.05976e-039 267.511 9732.49
36.5165 4.97935e-039 265.909 9734.09
36.5766 4.9007e-039 264.317 9735.68
36.6366 4.82374e-039 262.734 9737.27
36.6967 4.74845e-039 261.161 9738.84
36.7568 4.67477e-039 259.597 9740.4
36.8168 4.60266e-039 258.043 9741.96
36.8769 4.53209e-039 256.498 9743.5
36.9369 4.46301e-039 254.962 9745.04
36.997 4.39539e-039 253.435 9746.56
37.0571 4.32919e-039 251.917 9748.08
37.1171 4.26438e-039 250.409 9749.59
37.1772 4.20091e-039 248.91 9751.09
37.2372 4.13876e-039 247.419 9752.58
37.2973 4.0779e-039 245.938 9754.06
37.3574 4.01828e-039 244.465 9755.54
37.4174 3.95989e-039 243.001 9757
37.4775 3.90269e-039 241.546 9758.45
37.5375 3.84665e-039 240.1 9759.9
37.5976 3.79174e-039 238.662 9761.34
37.6577 3.73793e-039 237.233 9762.77
37.7177 3.68521e-039 235.812 9764.19
37.7778 3.63354e-039 234.4 9765.6
37.8378 3.5829e-039 232.997 9767
37.8979 3.53326e-039 231.601 9768.4
37.958 3.48459e-039 230.215 9769.79
38.018 3.43689e-039 228.836 9771.16
38.0781 3.39011e-039 227.466 9772.53
38.1381 3.34425e-039 226.104 9773.9
38.1982 3.29928e-039 224.75 9775.25
38.2583 3.25517e-039 223.404 9776.6
38.3183 3.21192e-039 222.066 9777.93
38.3784 3.16949e-039 220.736 9779.26
38.4384 3.12787e-039 219.415 9780.59
38.4985 3.08705e-039 218.101 9781.9
38.5586 3.04699e-039 216.795 9783.21
38.6186 3.00769e-039 215.497 9784.5
38.6787 2.96913e-039 214.206 9785.79
38.7387 2.93129e-039 212.924 9787.08
38.7988 2.89415e-039 211.649 9788.35
38.8589 2.8577e-039 210.381 9789.62
38.9189 2.82193e-039 209.121 9790.88
38.979 2.78681e-039 207.869 9792.13
39.039 2.75234e-039 206.625 9793.38
39.0991 2.7185e-039 205.387 9794.61
39.1592 2.68527e-039 204.157 9795.84
39.2192 2.65264e-039 202.935 9797.07
39.2793 2.6206e-039 201.72 9798.28
39.3393 2.58914e-039 200.512 9799.49
39.3994 2.55824e-039 199.311 9800.69
39.4595 2.52789e-039 198.118 9801.88
39.5195 2.49807e-039 196.931 9803.07
39.5796 2.46879e-039 195.752 9804.25
39.6396 2.44002e-039 194.58 9805.42
39.6997 2.41175e-039 193.415 9806.59
39.7598 2.38398e-039 192.257 9807.74
39.8198 2.3567e-039 191.105 9808.89
39.8799 2.32988e-039 189.961 9810.04
39.9399 2.30353e-039 188.824 9811.18
40 2.27763e-039 187.693 9812.31
40.0601 2.25218e-039 186.569 9813.43
40.1201 2.22715e-039 185.452 9814.55
40.1802 2.20256e-039 184.341 9815.66
40.2402 2.17838e-039 183.238 9816.76
40.3003 2.15461e-039 182.14 9817.86
40.3604 2.13124e-039 181.05 9818.95
40.4204 2.10826e-039 179.966 9820.03
40.4805 2.08566e-039 178.888 9821.11
40.5405 2.06344e-039 177.817 9822.18
40.6006 2.04158e-039 176.752 9823.25
40.6607 2.02009e-039 175.694 9824.31
40.7207 1.99895e-039 174.641 9825.36
40.7808 1.97815e-039 173.596 9826.4
40.8408 1.9577e-039 172.556 9827.44
40.9009 1.93757e-039 171.523 9828.48
40.961 1.91777e-039 170.496 9829.5
41.021 1.89829e-039 169.475 9830.53
41.0811 1.87913e-039 168.46 9831.54
41.1411 1.86027e-039 167.451 9832.55
41.2012 1.84171e-039 166.449 9833.55
41.2613 1.82344e-039 165.452 9834.55
41.3213 1.80547e-039 164.461 9835.54
41.3814 1.78777e-039 163.476 9836.52
41.4414 1.77036e-039 162.498 9837.5
41.5015 1.75322e-039 161.525 9838.48
41.5616 1.73634e-039 160.557 9839.44
41.6216 1.71973e-039 159.596 9840.4
41.6817 1.70337e-039 158.64 9841.36
41.7417 1.68727e-039 157.69 9842.31
41.8018 1.67141e-039 156.746 9843.25
41.8619 1.65579e-039 155.807 9844.19
41.9219 1.64042e-039 154.874 9845.13
41.982 1.62528e-039 153.947 9846.05
42.042 1.61036e-039 153.025 9846.97
42.1021 1.59567e-039 152.109 9847.89
42.1622 1.58121e-039 151.198 9848.8
42.2222 1.56695e-039 150.293 9849.71
42.2823 1.55292e-039 149.393 9850.61
42.3423 1.53909e-039 148.498 9851.5
42.4024 1.52546e-039 147.609 9852.39
42.4625 1.51204e-039 146.725 9853.27
42.5225 1.49881e-039 145.847 9854.15
42.5826 1.48578e-039 144.973 9855.03
42.6426 1.47294e-039 144.105 9855.89
42.7027 1.46028e-039 143.242 9856.76
42.7628 1.44781e-039 142.384 9857.62
42.8228 1.43552e-039 141.532 9858.47
42.8829 1.4234e-039 140.684 9859.32
42.9429 1.41146e-039 139.842 9860.16
43.003 1.39969e-039 139.005 9861
43.0631 1.38809e-039 138.172 9861.83
43.1231 1.37665e-039 137.345 9862.66
43.1832 1.36538e-039 136.522 9863.48
43.2432 1.35426e-039 135.705 9864.3
43.3033 1.3433e-039 134.892 9865.11
43.3634 1.33249e-039 134.085 9865.92
43.4234 1.32184e-039 133.282 9866.72
43.4835 1.31133e-039 132.484 9867.52
43.5435 1.30097e-039 131.69 9868.31
43.6036 1.29075e-039 130.902 9869.1
43.6637 1.28067e-039 130.118 9869.88
43.7237 1.27073e-039 129.339 9870.66
43.7838 1.26093e-039 128.564 9871.44
43.8438 1.25126e-039 127.794 9872.21
43.9039 1.24172e-039 127.029 9872.97
43.964 1.23231e-039 126.269 9873.73
44.024 1.22303e-039 125.512 9874.49
44.0841 1.21387e-039 124.761 9875.24
44.1441 1.20484e-039 124.014 9875.99
44.2042 1.19592e-039 123.271 9876.73
44.2643 1.18713e-039 122.533 9877.47
44.3243 1.17845e-039 121.799 9878.2
44.3844 1.16989e-039 121.07 9878.93
44.4444 1.16144e-039 120.345 9879.65
44.5045 1.1531e-039 119.624 9880.38
44.5646 1.14487e-039 118.908 9881.09
44.6246 1.13674e-039 118.196 9881.8
44.6847 1.12873e-039 117.488 9882.51
44.7447 1.12081e-039 116.785 9883.22
44.8048 1.113e-039 116.085 9883.91
44.8649 1.10529e-039 115.39 9884.61
44.9249 1.09768e-039 114.699 9885.3
44.985 1.09017e-039 114.013 9885.99
45.045 1.08275e-039 113.33 9886.67
45.1051 1.07543e-039 112.651 9887.35
45.1652 1.0682e-039 111.977 9888.02
45.2252 1.06106e-039 111.306 9888.69
45.2853 1.05401e-039 110.64 9889.36
45.3453 1.04705e-039 109.977 9890.02
45.4054 1.04018e-039 109.319 9890.68
45.4655 1.03339e-039 108.664 9891.34
45.5255 1.02669e-039 108.013 9891.99
45.5856 1.02007e-039 107.367 9892.63
45.6456 1.01353e-039 106.724 9893.28
45.7057 1.00708e-039 106.085 9893.92
45.7658 1.0007e-039 105.449 9894.55
45.8258 9.94401e-040 104.818 9895.18
45.8859 9.88179e-040 104.19 9895.81
45.9459 9.82033e-040 103.566 9896.43
46.006 9.75962e-040 102.946 9897.05
46.0661 9.69964e-040 102.33 9897.67
46.1261 9.64039e-040 101.717 9898.28
46.1862 9.58185e-040 101.108 9898.89
46.2462 9.52401e-040 100.503 9899.5
46.3063 9.46687e-040 99.9007 9900.1
46.3664 9.41041e-040 99.3025 9900.7
46.4264 9.35462e-040 98.7079 9901.29
46.4865 9.29949e-040 98.1168 9901.88
46.5465 9.24501e-040 97.5293 9902.47
46.6066 9.19118e-040 96.9453 9903.05
46.6667 9.13798e-040 96.3648 9903.64
46.7267 9.0854e-040 95.7877 9904.21
46.7868 9.03344e-040 95.2142 9904.79
46.8468 8.98208e-040 94.644 9905.36
46.9069 8.93132e-040 94.0773 9905.92
46.967 8.88115e-040 93.5139 9906.49
47.027 8.83156e-040 92.954 9907.05
47.0871 8.78253e-040 92.3974 9907.6
47.1471 8.73408e-040 91.8441 9908.16
47.2072 8.68618e-040 91.2941 9908.71
47.2673 8.63882e-040 90.7475 9909.25
47.3273 8.592e-040 90.2041 9909.8
47.3874 8.54572e-040 89.6639 9910.34
47.4474 8.49996e-040 89.127 9910.87
47.5075 8.45472e-040 88.5933 9911.41
47.5676 8.40998e-040 88.0628 9911.94
47.6276 8.36575e-040 87.5355 9912.46
47.6877 8.32202e-040 87.0113 9912.99
47.7477 8.27877e-040 86.4903 9913.51
47.8078 8.23601e-040 85.9724 9914.03
47.8679 8.19372e-040 85.4576 9914.54
47.9279 8.15189e-040 84.9459 9915.05
47.988 8.11053e-040 84.4372 9915.56
48.048 8.06963e-040 83.9316 9916.07
48.1081 8.02917e-040 83.429 9916.57
48.1682 7.98916e-040 82.9295 9917.07
48.2282 7.94959e-040 82.4329 9917.57
48.2883 7.91045e-040 81.9393 9918.06
48.3483 7.87173e-040 81.4486 9918.55
48.4084 7.83343e-040 80.9609 9919.04
48.4685 7.79555e-040 80.4761 9919.52
48.5285 7.75807e-040 79.9942 9920.01
48.5886 7.721e-040 79.5152 9920.48
48.6486 7.68432e-040 79.0391 9920.96
48.7087 7.64804e-040 78.5658 9921.43
48.7688 7.61214e-040 78.0953 9921.9
48.8288 7.57663e-040 77.6277 9922.37
48.8889 7.54149e-040 77.1629 9922.84
48.9489 7.50673e-040 76.7008 9923.3
49.009 7.47233e-040 76.2415 9923.76
49.0691 7.43829e-040 75.785 9924.21
49.1291 7.40461e-040 75.3312 9924.67
49.1892 7.37129e-040 74.8801 9925.12
49.2492 7.33831e-040 74.4317 9925.57
49.3093 7.30568e-040 73.986 9926.01
49.3694 7.27338e-040 73.543 9926.46
49.4294 7.24142e-040 73.1026 9926.9
49.4895 7.20979e-040 72.6649 9927.34
49.5495 7.17849e-040 72.2298 9927.77
49.6096 7.14751e-040 71.7973 9928.2
49.6697 7.11685e-040 71.3673 9928.63
49.7297 7.0865e-040 70.94 9929.06
49.7898 7.05646e-040 70.5152 9929.48
49.8498 7.02673e-040 70.093 9929.91
49.9099 6.9973e-040 69.6732 9930.33
49.97 6.96816e-040 69.256 9930.74
50.03 6.93933e-040 68.8413 9931.16
50.0901 6.91078e-040 68.4291 9931.57
50.1502 6.88252e-040 68.0194 9931.98
50.2102 6.85454e-040 67.6121 9932.39
50.2703 6.82685e-040 67.2072 9932.79
50.3303 6.79943e-040 66.8048 9933.2
50.3904 6.77229e-040 66.4047 9933.6
50.4505 6.74541e-040 66.0071 9933.99
50.5105 6.7188e-040 65.6118 9934.39
50.5706 6.69246e-040 65.219 9934.78
50.6306 6.66637e-040 64.8284 9935.17
50.6907 6.64054e-040 64.4402 9935.56
50.7508 6.61497e-040 64.0544 9935.95
50.8108 6.58964e-040 63.6708 9936.33
50.8709 6.56457e-040 63.2895 9936.71
50.9309 6.53974e-040 62.9106 9937.09
50.991 6.51515e-040 62.5339 9937.47
51.0511 6.4908e-040 62.1594 9937.84
51.1111 6.46668e-040 61.7872 9938.21
51.1712 6.4428e-040 61.4172 9938.58
51.2312 6.41915e-040 61.0494 9938.95
51.2913 6.39573e-040 60.6839 9939.32
51.3514 6.37253e-040 60.3205 9939.68
51.4114 6.34955e-040 59.9593 9940.04
51.4715 6.3268e-040 59.6003 9940.4
51.5315 6.30426e-040 59.2434 9940.76
51.5916 6.28193e-040 58.8886 9941.11
51.6517 6.25982e-040 58.536 9941.46
51.7117 6.23792e-040 58.1855 9941.81
51.7718 6.21622e-040 57.8371 9942.16
51.8318 6.19473e-040 57.4908 9942.51
51.8919 6.17344e-040 57.1465 9942.85
51.952 6.15235e-040 56.8043 9943.2
52.012 6.13146e-040 56.4642 9943.54
52.0721 6.11076e-040 56.1261 9943.87
52.1321 6.09026e-040 55.79 9944.21
52.1922 6.06995e-040 55.4559 9944.54
52.2523 6.04983e-040 55.1238 9944.88
52.3123 6.02989e-040 54.7937 9945.21
52.3724 6.01014e-040 54.4656 9945.53
52.4324 5.99057e-040 54.1395 9945.86
52.4925 5.97118e-040 53.8153 9946.18
52.5526 5.95197e-040 53.4931 9946.51
52.6126 5.93293e-040 53.1727 9946.83
52.6727 5.91407e-040 52.8544 9947.15
52.7327 5.89539e-040 52.5379 9947.46
52.7928 5.87687e-040 52.2233 9947.78
52.8529 5.85852e-040 51.9105 9948.09
52.9129 5.84034e-040 51.5997 9948.4
52.973 5.82232e-040 51.2907 9948.71
53.033 5.80446e-040 50.9836 9949.02
53.0931 5.78677e-040 50.6783 9949.32
53.1532 5.76924e-040 50.3748 9949.63
53.2132 5.75186e-040 50.0732 9949.93
53.2733 5.73464e-040 49.7734 9950.23
53.3333 5.71757e-040 49.4753 9950.52
53.3934 5.70066e-040 49.1791 9950.82
53.4535 5.6839e-040 48.8846 9951.12
53.5135 5.66728e-040 48.5919 9951.41
53.5736 5.65082e-040 48.3009 9951.7
53.6336 5.6345e-040 48.0117 9951.99
53.6937 5.61832e-040 47.7242 9952.28
53.7538 5.60229e-040 47.4384 9952.56
53.8138 5.5864e-040 47.1543 9952.85
53.8739 5.57065e-040 46.872 9953.13
53.9339 5.55503e-040 46.5913 9953.41
53.994 5.53956e-040 46.3123 9953.69
54.0541 5.52422e-040 46.035 9953.97
54.1141 5.50901e-040 45.7593 9954.24
54.1742 5.49393e-040 45.4853 9954.51
54.2342 5.47899e-040 45.213 9954.79
54.2943 5.46418e-040 44.9422 9955.06
54.3544 5.44949e-040 44.6731 9955.33
54.4144 5.43493e-040 44.4056 9955.59
54.4745 5.4205e-040 44.1397 9955.86
54.5345 5.40619e-040 43.8754 9956.12
54.5946 5.39201e-040 43.6127 9956.39
54.6547 5.37795e-040 43.3515 9956.65
54.7147 5.364e-040 43.0919 9956.91
54.7748 5.35018e-040 42.8339 9957.17
54.8348 5.33648e-040 42.5774 9957.42
54.8949 5.32289e-040 42.3225 9957.68
54.955 5.30941e-040 42.069 9957.93
55.015 5.29606e-040 41.8171 9958.18
55.0751 5.28281e-040 41.5667 9958.43
55.1351 5.26968e-040 41.3178 9958.68
55.1952 5.25666e-040 41.0704 9958.93
55.2553 5.24375e-040 40.8245 9959.18
55.3153 5.23094e-040 40.58 9959.42
55.3754 5.21825e-040 40.337 9959.66
55.4354 5.20566e-040 40.0955 9959.9
55.4955 5.19317e-040 39.8554 9960.14
55.5556 5.1808e-040 39.6167 9960.38
55.6156 5.16852e-040 39.3795 9960.62
55.6757 5.15635e-040 39.1437 9960.86
55.7357 5.14428e-040 38.9093 9961.09
55.7958 5.1323e-040 38.6763 9961.32
55.8559 5.12043e-040 38.4447 9961.56
55.9159 5.10866e-040 38.2145 9961.79
55.976 5.09698e-040 37.9857 9962.01
56.036 5.0854e-040 37.7582 9962.24
56.0961 5.07392e-040 37.5321 9962.47
56.1562 5.06252e-040 37.3074 9962.69
56.2162 5.05123e-040 37.084 9962.92
56.2763 5.04002e-040 36.8619 9963.14
56.3363 5.02891e-040 36.6412 9963.36
56.3964 5.01789e-040 36.4218 9963.58
56.4565 5.00696e-040 36.2037 9963.8
56.5165 4.99611e-040 35.9869 9964.01
56.5766 4.98536e-040 35.7714 9964.23
56.6366 4.97469e-040 35.5572 9964.44
56.6967 4.96411e-040 35.3443 9964.66
56.7568 4.95362e-040 35.1327 9964.87
56.8168 4.94321e-040 34.9223 9965.08
56.8769 4.93288e-040 34.7132 9965.29
56.9369 4.92264e-040 34.5053 9965.49
56.997 4.91248e-040 34.2987 9965.7
57.0571 4.9024e-040 34.0933 9965.91
57.1171 4.8924e-040 33.8892 9966.11
57.1772 4.88248e-040 33.6862 9966.31
57.2372 4.87264e-040 33.4845 9966.52
57.2973 4.86288e-040 33.284 9966.72
57.3574 4.8532e-040 33.0847 9966.92
57.4174 4.8436e-040 32.8866 9967.11
57.4775 4.83407e-040 32.6897 9967.31
57.5375 4.82461e-040 32.4939 9967.51
57.5976 4.81524e-040 32.2994 9967.7
57.6577 4.80593e-040 32.106 9967.89
57.7177 4.7967e-040 31.9137 9968.09
57.7778 4.78754e-040 31.7226 9968.28
57.8378 4.77846e-040 31.5326 9968.47
57.8979 4.76944e-040 31.3438 9968.66
57.958 4.7605e-040 31.1561 9968.84
58.018 4.75163e-040 30.9696 9969.03
58.0781 4.74282e-040 30.7841 9969.22
58.1381 4.73409e-040 30.5998 9969.4
58.1982 4.72542e-040 30.4166 9969.58
58.2583 4.71682e-040 30.2344 9969.77
58.3183 4.70829e-040 30.0534 9969.95
58.3784 4.69983e-040 29.8734 9970.13
58.4384 4.69143e-040 29.6945 9970.31
58.4985 4.68309e-040 29.5167 9970.48
58.5586 4.67482e-040 29.34 9970.66
58.6186 4.66662e-040 29.1643 9970.84
58.6787 4.65847e-040 28.9897 9971.01
58.7387 4.65039e-040 28.8161 9971.18
58.7988 4.64238e-040 28.6435 9971.36
58.8589 4.63442e-040 28.472 9971.53
58.9189 4.62653e-040 28.3015 9971.7
58.979 4.61869e-040 28.132 9971.87
59.039 4.61092e-040 27.9636 9972.04
59.0991 4.6032e-040 27.7961 9972.2
59.1592 4.59555e-040 27.6297 9972.37
59.2192 4.58795e-040 27.4643 9972.54
59.2793 4.58041e-040 27.2998 9972.7
59.3393 4.57293e-040 27.1363 9972.86
59.3994 4.56551e-040 26.9738 9973.03
59.4595 4.55814e-040 26.8123 9973.19
59.5195 4.55083e-040 26.6518 9973.35
59.5796 4.54357e-040 26.4922 9973.51
59.6396 4.53637e-040 26.3335 9973.67
59.6997 4.52922e-040 26.1759 9973.82
59.7598 4.52213e-040 26.0191 9973.98
59.8198 4.51509e-040 25.8633 9974.14
59.8799 4.5081e-040 25.7084 9974.29
59.9399 4.50117e-040 25.5545 9974.45
60 4.49428e-040 25.4015 9974.6
