0 1 1 0
0.0100503 0.98995 0.99 5.0335e-005
0.0201005 0.980001 0.9801 9.96608e-005
0.0301508 0.970151 0.970299 0.000147993
0.040201 0.960401 0.960596 0.000195345
0.0502513 0.950749 0.95099 0.000241734
0.0603015 0.941193 0.941481 0.000287172
0.0703518 0.931734 0.932066 0.000331675
0.080402 0.92237 0.922745 0.000375258
0.0904523 0.9131 0.913518 0.000417933
0.100503 0.903923 0.904383 0.000459714
0.110553 0.894838 0.895339 0.000500616
0.120603 0.885845 0.886386 0.000540652
0.130653 0.876942 0.877522 0.000579834
0.140704 0.868129 0.868747 0.000618177
0.150754 0.859404 0.860059 0.000655692
0.160804 0.850767 0.851459 0.000692394
0.170854 0.842216 0.842944 0.000728293
0.180905 0.833752 0.834515 0.000763403
0.190955 0.825372 0.82617 0.000797736
0.201005 0.817077 0.817908 0.000831304
0.211055 0.808865 0.809729 0.000864118
0.221106 0.800736 0.801632 0.000896192
0.231156 0.792688 0.793616 0.000927535
0.241206 0.784722 0.78568 0.000958159
0.251256 0.776835 0.777823 0.000988077
0.261307 0.769028 0.770045 0.0010173
0.271357 0.761299 0.762344 0.00104583
0.281407 0.753647 0.754721 0.0010737
0.291457 0.746073 0.747174 0.00110089
0.301508 0.738575 0.739702 0.00112744
0.311558 0.731152 0.732305 0.00115334
0.321608 0.723804 0.724982 0.00117861
0.331658 0.716529 0.717733 0.00120326
0.341709 0.709328 0.710555 0.00122729
0.351759 0.702199 0.70345 0.00125072
0.361809 0.695142 0.696415 0.00127356
0.371859 0.688155 0.689451 0.00129581
0.38191 0.681239 0.682557 0.00131749
0.39196 0.674393 0.675731 0.00133861
0.40201 0.667615 0.668974 0.00135917
0.41206 0.660905 0.662284 0.00137918
0.422111 0.654263 0.655662 0.00139866
0.432161 0.647687 0.649105 0.0014176
0.442211 0.641178 0.642614 0.00143603
0.452261 0.634734 0.636188 0.00145394
0.462312 0.628355 0.629826 0.00147135
0.472362 0.62204 0.623528 0.00148827
0.482412 0.615788 0.617293 0.00150469
0.492462 0.609599 0.61112 0.00152064
0.502513 0.603473 0.605009 0.00153612
0.512563 0.597407 0.598959 0.00155114
0.522613 0.591403 0.592969 0.0015657
0.532663 0.58546 0.587039 0.00157981
0.542714 0.579576 0.581169 0.00159348
0.552764 0.573751 0.575357 0.00160672
0.562814 0.567984 0.569604 0.00161953
0.572864 0.562276 0.563908 0.00163192
0.582915 0.556625 0.558269 0.00164391
0.592965 0.551031 0.552686 0.00165549
0.603015 0.545493 0.547159 0.00166667
0.613065 0.54001 0.541688 0.00167746
0.623116 0.534583 0.536271 0.00168786
0.633166 0.52921 0.530908 0.00169789
0.643216 0.523892 0.525599 0.00170755
0.653266 0.518627 0.520343 0.00171685
0.663317 0.513414 0.51514 0.00172578
0.673367 0.508254 0.509989 0.00173437
0.683417 0.503146 0.504889 0.00174261
0.693467 0.498089 0.49984 0.00175051
0.703518 0.493084 0.494842 0.00175808
0.713568 0.488128 0.489893 0.00176531
0.723618 0.483222 0.484994 0.00177223
0.733668 0.478366 0.480144 0.00177883
0.743719 0.473558 0.475343 0.00178512
0.753769 0.468799 0.47059 0.00179111
0.763819 0.464087 0.465884 0.00179679
0.773869 0.459423 0.461225 0.00180219
0.78392 0.454805 0.456613 0.00180729
0.79397 0.450235 0.452047 0.00181211
0.80402 0.44571 0.447526 0.00181665
0.81407 0.44123 0.443051 0.00182092
0.824121 0.436796 0.438621 0.00182492
0.834171 0.432406 0.434234 0.00182866
0.844221 0.42806 0.429892 0.00183214
0.854271 0.423758 0.425593 0.00183536
0.864322 0.419499 0.421337 0.00183834
0.874372 0.415283 0.417124 0.00184107
0.884422 0.411109 0.412953 0.00184356
0.894472 0.406977 0.408823 0.00184582
0.904523 0.402887 0.404735 0.00184785
0.914573 0.398838 0.400688 0.00184965
0.924623 0.39483 0.396681 0.00185123
0.934673 0.390862 0.392714 0.00185259
0.944724 0.386933 0.388787 0.00185374
0.954774 0.383044 0.384899 0.00185468
0.964824 0.379195 0.38105 0.00185541
0.974874 0.375384 0.37724 0.00185594
0.984925 0.371611 0.373467 0.00185628
0.994975 0.367876 0.369733 0.00185642
1.00503 0.364179 0.366035 0.00185637
1.01508 0.360519 0.362375 0.00185614
1.02513 0.356896 0.358751 0.00185573
1.03518 0.353309 0.355164 0.00185513
1.04523 0.349758 0.351612 0.00185437
1.05528 0.346243 0.348096 0.00185343
1.06533 0.342763 0.344615 0.00185232
1.07538 0.339318 0.341169 0.00185105
1.08543 0.335908 0.337757 0.00184962
1.09548 0.332532 0.33438 0.00184803
1.10553 0.32919 0.331036 0.00184629
1.11558 0.325881 0.327726 0.0018444
1.12563 0.322606 0.324449 0.00184236
1.13568 0.319364 0.321204 0.00184017
1.14573 0.316154 0.317992 0.00183785
1.15578 0.312977 0.314812 0.00183538
1.16583 0.309831 0.311664 0.00183278
1.17588 0.306717 0.308548 0.00183005
1.18593 0.303635 0.305462 0.00182719
1.19598 0.300583 0.302407 0.0018242
1.20603 0.297562 0.299383 0.00182109
1.21608 0.294572 0.29639 0.00181785
1.22613 0.291611 0.293426 0.0018145
1.23618 0.28868 0.290492 0.00181104
1.24623 0.285779 0.287587 0.00180746
1.25628 0.282907 0.284711 0.00180377
1.26633 0.280064 0.281864 0.00179997
1.27638 0.277249 0.279045 0.00179607
1.28643 0.274463 0.276255 0.00179206
1.29648 0.271704 0.273492 0.00178796
1.30653 0.268973 0.270757 0.00178375
1.31658 0.26627 0.26805 0.00177945
1.32663 0.263594 0.265369 0.00177506
1.33668 0.260945 0.262716 0.00177058
1.34673 0.258322 0.260088 0.00176601
1.35678 0.255726 0.257488 0.00176135
1.36683 0.253156 0.254913 0.00175661
1.37688 0.250612 0.252364 0.00175179
1.38693 0.248093 0.24984 0.00174688
1.39698 0.2456 0.247342 0.0017419
1.40704 0.243131 0.244868 0.00173685
1.41709 0.240688 0.24242 0.00173172
1.42714 0.238269 0.239995 0.00172651
1.43719 0.235874 0.237595 0.00172124
1.44724 0.233504 0.235219 0.0017159
1.45729 0.231157 0.232867 0.0017105
1.46734 0.228834 0.230539 0.00170503
1.47739 0.226534 0.228233 0.0016995
1.48744 0.224257 0.225951 0.0016939
1.49749 0.222003 0.223691 0.00168825
1.50754 0.219772 0.221455 0.00168255
1.51759 0.217563 0.21924 0.00167678
1.52764 0.215377 0.217048 0.00167097
1.53769 0.213212 0.214877 0.0016651
1.54774 0.211069 0.212728 0.00165918
1.55779 0.208948 0.210601 0.00165321
1.56784 0.206848 0.208495 0.0016472
1.57789 0.204769 0.20641 0.00164114
1.58794 0.202711 0.204346 0.00163503
1.59799 0.200674 0.202303 0.00162889
1.60804 0.198657 0.20028 0.0016227
1.61809 0.19666 0.198277 0.00161647
1.62814 0.194684 0.196294 0.0016102
1.63819 0.192727 0.194331 0.0016039
1.64824 0.19079 0.192388 0.00159756
1.65829 0.188873 0.190464 0.00159119
1.66834 0.186975 0.188559 0.00158479
1.67839 0.185096 0.186674 0.00157835
1.68844 0.183235 0.184807 0.00157188
1.69849 0.181394 0.182959 0.00156539
1.70854 0.179571 0.18113 0.00155887
1.71859 0.177766 0.179318 0.00155232
1.72864 0.175979 0.177525 0.00154574
1.73869 0.174211 0.17575 0.00153914
1.74874 0.17246 0.173992 0.00153252
1.75879 0.170727 0.172252 0.00152587
1.76884 0.169011 0.17053 0.00151921
1.77889 0.167312 0.168825 0.00151252
1.78894 0.165631 0.167136 0.00150582
1.79899 0.163966 0.165465 0.0014991
1.80905 0.162318 0.16381 0.00149236
1.8191 0.160687 0.162172 0.00148561
1.82915 0.159072 0.160551 0.00147884
1.8392 0.157473 0.158945 0.00147206
1.84925 0.15589 0.157356 0.00146527
1.8593 0.154324 0.155782 0.00145846
1.86935 0.152773 0.154224 0.00145164
1.8794 0.151237 0.152682 0.00144482
1.88945 0.149717 0.151155 0.00143798
1.8995 0.148213 0.149644 0.00143114
1.90955 0.146723 0.148147 0.00142429
1.9196 0.145248 0.146666 0.00141743
1.92965 0.143789 0.145199 0.00141057
1.9397 0.142344 0.143747 0.0014037
1.94975 0.140913 0.14231 0.00139683
1.9598 0.139497 0.140887 0.00138995
1.96985 0.138095 0.139478 0.00138307
1.9799 0.136707 0.138083 0.00137619
1.98995 0.135333 0.136702 0.00136931
2 0.133973 0.135335 0.00136243
