0 1 1 0
0.0100503 0.99 0.99 8.53095e-013
0.0201005 0.9801 0.9801 1.68909e-012
0.0301508 0.970299 0.970299 2.50822e-012
0.040201 0.960596 0.960596 3.31091e-012
0.0502513 0.95099 0.95099 4.09717e-012
0.0603015 0.941481 0.941481 4.86744e-012
0.0703518 0.932066 0.932066 5.62184e-012
0.080402 0.922745 0.922745 6.3608e-012
0.0904523 0.913518 0.913518 7.08433e-012
0.100503 0.904383 0.904383 7.79277e-012
0.110553 0.895339 0.895339 8.48632e-012
0.120603 0.886386 0.886386 9.16522e-012
0.130653 0.877522 0.877522 9.8298e-012
0.140704 0.868747 0.868747 1.04801e-011
0.150754 0.860059 0.860059 1.11163e-011
0.160804 0.851459 0.851459 1.17388e-011
0.170854 0.842944 0.842944 1.23478e-011
0.180905 0.834515 0.834515 1.29434e-011
0.190955 0.82617 0.82617 1.35258e-011
0.201005 0.817908 0.817908 1.40953e-011
0.211055 0.809729 0.809729 1.46521e-011
0.221106 0.801632 0.801632 1.51963e-011
0.231156 0.793616 0.793616 1.57282e-011
0.241206 0.78568 0.78568 1.62479e-011
0.251256 0.777823 0.777823 1.67557e-011
0.261307 0.770045 0.770045 1.72516e-011
0.271357 0.762344 0.762344 1.7736e-011
0.281407 0.754721 0.754721 1.8209e-011
0.291457 0.747174 0.747174 1.86706e-011
0.301508 0.739702 0.739702 1.91214e-011
0.311558 0.732305 0.732305 1.95611e-011
0.321608 0.724982 0.724982 1.99902e-011
0.331658 0.717733 0.717733 2.04087e-011
0.341709 0.710555 0.710555 2.08169e-011
0.351759 0.70345 0.70345 2.12148e-011
0.361809 0.696415 0.696415 2.16028e-011
0.371859 0.689451 0.689451 2.19809e-011
0.38191 0.682557 0.682557 2.23492e-011
0.39196 0.675731 0.675731 2.27079e-011
0.40201 0.668974 0.668974 2.30573e-011
0.41206 0.662284 0.662284 2.33974e-011
0.422111 0.655662 0.655662 2.37284e-011
0.432161 0.649105 0.649105 2.40503e-011
0.442211 0.642614 0.642614 2.43635e-011
0.452261 0.636188 0.636188 2.46682e-011
0.462312 0.629826 0.629826 2.49641e-011
0.472362 0.623528 0.623528 2.52518e-011
0.482412 0.617293 0.617293 2.55311e-011
0.492462 0.61112 0.61112 2.58025e-011
0.502513 0.605009 0.605009 2.60658e-011
0.512563 0.598959 0.598959 2.63212e-011
0.522613 0.592969 0.592969 2.6569e-011
0.532663 0.587039 0.587039 2.68091e-011
0.542714 0.581169 0.581169 2.70419e-011
0.552764 0.575357 0.575357 2.72673e-011
0.562814 0.569604 0.569604 2.74853e-011
0.572864 0.563908 0.563908 2.76965e-011
0.582915 0.558269 0.558269 2.79006e-011
0.592965 0.552686 0.552686 2.80979e-011
0.603015 0.547159 0.547159 2.82884e-011
0.613065 0.541688 0.541688 2.84723e-011
0.623116 0.536271 0.536271 2.86496e-011
0.633166 0.530908 0.530908 2.88206e-011
0.643216 0.525599 0.525599 2.89854e-011
0.653266 0.520343 0.520343 2.91439e-011
0.663317 0.51514 0.51514 2.92963e-011
0.673367 0.509989 0.509989 2.94429e-011
0.683417 0.504889 0.504889 2.95834e-011
0.693467 0.49984 0.49984 2.97183e-011
0.703518 0.494842 0.494842 2.98476e-011
0.713568 0.489893 0.489893 2.99713e-011
0.723618 0.484994 0.484994 3.00895e-011
0.733668 0.480144 0.480144 3.02023e-011
0.743719 0.475343 0.475343 3.031e-011
0.753769 0.47059 0.47059 3.04124e-011
0.763819 0.465884 0.465884 3.05098e-011
0.773869 0.461225 0.461225 3.06021e-011
0.78392 0.456613 0.456613 3.06895e-011
0.79397 0.452047 0.452047 3.07722e-011
0.80402 0.447526 0.447526 3.085e-011
0.81407 0.443051 0.443051 3.09234e-011
0.824121 0.438621 0.438621 3.09921e-011
0.834171 0.434234 0.434234 3.10564e-011
0.844221 0.429892 0.429892 3.11163e-011
0.854271 0.425593 0.425593 3.11718e-011
0.864322 0.421337 0.421337 3.12232e-011
0.874372 0.417124 0.417124 3.12704e-011
0.884422 0.412953 0.412953 3.13136e-011
0.894472 0.408823 0.408823 3.13527e-011
0.904523 0.404735 0.404735 3.13879e-011
0.914573 0.400688 0.400688 3.14194e-011
0.924623 0.396681 0.396681 3.1447e-011
0.934673 0.392714 0.392714 3.14709e-011
0.944724 0.388787 0.388787 3.14913e-011
0.954774 0.384899 0.384899 3.1508e-011
0.964824 0.38105 0.38105 3.15213e-011
0.974874 0.37724 0.37724 3.15312e-011
0.984925 0.373467 0.373467 3.15377e-011
0.994975 0.369733 0.369733 3.1541e-011
1.00503 0.366035 0.366035 3.15409e-011
1.01508 0.362375 0.362375 3.15378e-011
1.02513 0.358751 0.358751 3.15316e-011
1.03518 0.355164 0.355164 3.15223e-011
1.04523 0.351612 0.351612 3.151e-011
1.05528 0.348096 0.348096 3.14949e-011
1.06533 0.344615 0.344615 3.14769e-011
1.07538 0.341169 0.341169 3.14561e-011
1.08543 0.337757 0.337757 3.14326e-011
1.09548 0.33438 0.33438 3.14064e-011
1.10553 0.331036 0.331036 3.13776e-011
1.11558 0.327726 0.327726 3.13463e-011
1.12563 0.324449 0.324449 3.13124e-011
1.13568 0.321204 0.321204 3.1276e-011
1.14573 0.317992 0.317992 3.12373e-011
1.15578 0.314812 0.314812 3.11962e-011
1.16583 0.311664 0.311664 3.11528e-011
1.17588 0.308548 0.308548 3.11071e-011
1.18593 0.305462 0.305462 3.10593e-011
1.19598 0.302407 0.302407 3.10093e-011
1.20603 0.299383 0.299383 3.09572e-011
1.21608 0.29639 0.29639 3.0903e-011
1.22613 0.293426 0.293426 3.08468e-011
1.23618 0.290492 0.290492 3.07887e-011
1.24623 0.287587 0.287587 3.07286e-011
1.25628 0.284711 0.284711 3.06667e-011
1.26633 0.281864 0.281864 3.0603e-011
1.27638 0.279045 0.279045 3.05374e-011
1.28643 0.276255 0.276255 3.04701e-011
1.29648 0.273492 0.273492 3.0401e-011
1.30653 0.270757 0.270757 3.03303e-011
1.31658 0.26805 0.26805 3.0258e-011
1.32663 0.265369 0.265369 3.01841e-011
1.33668 0.262716 0.262716 3.01086e-011
1.34673 0.260088 0.260088 3.00317e-011
1.35678 0.257488 0.257488 2.99533e-011
1.36683 0.254913 0.254913 2.98734e-011
1.37688 0.252364 0.252364 2.97922e-011
1.38693 0.24984 0.24984 2.97095e-011
1.39698 0.247342 0.247342 2.96256e-011
1.40704 0.244868 0.244868 2.95403e-011
1.41709 0.24242 0.24242 2.94538e-011
1.42714 0.239995 0.239995 2.93661e-011
1.43719 0.237595 0.237595 2.92771e-011
1.44724 0.235219 0.235219 2.9187e-011
1.45729 0.232867 0.232867 2.90959e-011
1.46734 0.230539 0.230539 2.90036e-011
1.47739 0.228233 0.228233 2.89102e-011
1.48744 0.225951 0.225951 2.88158e-011
1.49749 0.223691 0.223691 2.87204e-011
1.50754 0.221455 0.221455 2.8624e-011
1.51759 0.21924 0.21924 2.85267e-011
1.52764 0.217048 0.217048 2.84285e-011
1.53769 0.214877 0.214877 2.83294e-011
1.54774 0.212728 0.212728 2.82294e-011
1.55779 0.210601 0.210601 2.81286e-011
1.56784 0.208495 0.208495 2.8027e-011
1.57789 0.20641 0.20641 2.79246e-011
1.58794 0.204346 0.204346 2.78214e-011
1.59799 0.202303 0.202303 2.77175e-011
1.60804 0.20028 0.20028 2.76129e-011
1.61809 0.198277 0.198277 2.75077e-011
1.62814 0.196294 0.196294 2.74017e-011
1.63819 0.194331 0.194331 2.72952e-011
1.64824 0.192388 0.192388 2.7188e-011
1.65829 0.190464 0.190464 2.70803e-011
1.66834 0.188559 0.188559 2.6972e-011
1.67839 0.186674 0.186674 2.68631e-011
1.68844 0.184807 0.184807 2.67537e-011
1.69849 0.182959 0.182959 2.66439e-011
1.70854 0.18113 0.18113 2.65335e-011
1.71859 0.179318 0.179318 2.64227e-011
1.72864 0.177525 0.177525 2.63114e-011
1.73869 0.17575 0.17575 2.61997e-011
1.74874 0.173992 0.173992 2.60877e-011
1.75879 0.172252 0.172252 2.59752e-011
1.76884 0.17053 0.17053 2.58624e-011
1.77889 0.168825 0.168825 2.57493e-011
1.78894 0.167136 0.167136 2.56358e-011
1.79899 0.165465 0.165465 2.55221e-011
1.80905 0.16381 0.16381 2.5408e-011
1.8191 0.162172 0.162172 2.52937e-011
1.82915 0.160551 0.160551 2.51791e-011
1.8392 0.158945 0.158945 2.50643e-011
1.84925 0.157356 0.157356 2.49492e-011
1.8593 0.155782 0.155782 2.4834e-011
1.86935 0.154224 0.154224 2.47185e-011
1.8794 0.152682 0.152682 2.46029e-011
1.88945 0.151155 0.151155 2.44872e-011
1.8995 0.149644 0.149644 2.43712e-011
1.90955 0.148147 0.148147 2.42552e-011
1.9196 0.146666 0.146666 2.4139e-011
1.92965 0.145199 0.145199 2.40228e-011
1.9397 0.143747 0.143747 2.39064e-011
1.94975 0.14231 0.14231 2.379e-011
1.9598 0.140887 0.140887 2.36735e-011
1.96985 0.139478 0.139478 2.3557e-011
1.9799 0.138083 0.138083 2.34404e-011
1.98995 0.136702 0.136702 2.33238e-011
2 0.135335 0.135335 2.32071e-011
